# strain(%), energy_raw(eV), energy(eV)
0.00000100 -22367.76038233 0.00113651
0.00040000 -22367.76038525 0.00113335
0.00080000 -22367.76035723 0.00116065
0.00120000 -22367.76033025 0.00118643
0.00160000 -22367.76031763 0.00119736
0.00200000 -22367.76031477 0.00119807
0.00240000 -22367.76027110 0.00123910
0.00280000 -22367.76029147 0.00121560
0.00320000 -22367.76025138 0.00125210
0.00360000 -22367.76024870 0.00125070
0.00400000 -22367.76021093 0.00128391
0.00440000 -22367.76020277 0.00128702
0.00480000 -22367.76020374 0.00128054
0.00520000 -22367.76016527 0.00131301
0.00560000 -22367.76014989 0.00132190
0.00600000 -22367.76013357 0.00133127
0.00640000 -22367.76007812 0.00137928
0.00680000 -22367.76007067 0.00137881
0.00720000 -22367.76003797 0.00140311
0.00760000 -22367.76002141 0.00141079
0.00800000 -22367.76000253 0.00142031
0.00840000 -22367.75997031 0.00144269
0.00880000 -22367.75994854 0.00145413
0.00920000 -22367.75992940 0.00146248
0.00960000 -22367.75989996 0.00148064
0.01000000 -22367.75986252 0.00150632
0.01040000 -22367.75983179 0.00152481
0.01080000 -22367.75981527 0.00152861
0.01120000 -22367.75978130 0.00154938
0.01160000 -22367.75975892 0.00155808
0.01200000 -22367.75973155 0.00157129
0.01240000 -22367.75969448 0.00159372
0.01280000 -22367.75965810 0.00161498
0.01320000 -22367.75959913 0.00165835
0.01360000 -22367.75961171 0.00162969
0.01400000 -22367.75955063 0.00167421
0.01440000 -22367.75952078 0.00168702
0.01480000 -22367.75947597 0.00171431
0.01520000 -22367.75946819 0.00170409
0.01560000 -22367.75942684 0.00172696
0.01600000 -22367.75937412 0.00176072
0.01640000 -22367.75933919 0.00177621
0.01680000 -22367.75928344 0.00181204
0.01720000 -22367.75926119 0.00181389
0.01760000 -22367.75921876 0.00183544
0.01800000 -22367.75918624 0.00184660
0.01840000 -22367.75913457 0.00187643
0.01880000 -22367.75908691 0.00190177
0.01920000 -22367.75902223 0.00194365
0.01960000 -22367.75901352 0.00192908
0.02000000 -22367.75895168 0.00196715
0.02040000 -22367.75892875 0.00196585
0.02080000 -22367.75884387 0.00202601
0.02120000 -22367.75882729 0.00201739
0.02160000 -22367.75879103 0.00202797
0.02200000 -22367.75872269 0.00207015
0.02240000 -22367.75869878 0.00206742
0.02280000 -22367.75864352 0.00209555
0.02320000 -22367.75860677 0.00210471
0.02360000 -22367.75856461 0.00211879
0.02400000 -22367.75850710 0.00214774
0.02440000 -22367.75844805 0.00217774
0.02480000 -22367.75839961 0.00219666
0.02520000 -22367.75833152 0.00223476
0.02560000 -22367.75826332 0.00227248
0.02600000 -22367.75821132 0.00229352
0.02640000 -22367.75817815 0.00229525
0.02680000 -22367.75814902 0.00229246
0.02720000 -22367.75807051 0.00233857
0.02760000 -22367.75802265 0.00235354
0.02800000 -22367.75798533 0.00235751
0.02840000 -22367.75793312 0.00237588
0.02880000 -22367.75787082 0.00240386
0.02920000 -22367.75780675 0.00243312
0.02960000 -22367.75775736 0.00244724
0.03000000 -22367.75768141 0.00248743
0.03040000 -22367.75764607 0.00248653
0.03080000 -22367.75757424 0.00252163
0.03120000 -22367.75751678 0.00254190
0.03160000 -22367.75745382 0.00256717
0.03200000 -22367.75738585 0.00259698
0.03240000 -22367.75733178 0.00261242
0.03280000 -22367.75725886 0.00264622
0.03320000 -22367.75721898 0.00264650
0.03360000 -22367.75714248 0.00268292
0.03400000 -22367.75703792 0.00274692
0.03440000 -22367.75698819 0.00275561
0.03480000 -22367.75691976 0.00278252
0.03520000 -22367.75688232 0.00277796
0.03560000 -22367.75679302 0.00282477
0.03600000 -22367.75673465 0.00284019
0.03640000 -22367.75667167 0.00285973
0.03680000 -22367.75660799 0.00287949
0.03720000 -22367.75652166 0.00292142
0.03760000 -22367.75645604 0.00294216
0.03800000 -22367.75637869 0.00297415
0.03840000 -22367.75632220 0.00298480
0.03880000 -22367.75622891 0.00303177
0.03920000 -22367.75617656 0.00303732
0.03960000 -22367.75611368 0.00305292
0.04000000 -22367.75602991 0.00308892
0.04040000 -22367.75596446 0.00310613
0.04080000 -22367.75589621 0.00312567
0.04120000 -22367.75580178 0.00317090
0.04160000 -22367.75573090 0.00319210
0.04200000 -22367.75566225 0.00321058
0.04240000 -22367.75556756 0.00325464
0.04280000 -22367.75550768 0.00326340
0.04320000 -22367.75542545 0.00329403
0.04360000 -22367.75534840 0.00331900
0.04400000 -22367.75525029 0.00336455
0.04440000 -22367.75517969 0.00338210
0.04480000 -22367.75510117 0.00340711
0.04520000 -22367.75499714 0.00345714
0.04560000 -22367.75495378 0.00344602
0.04600000 -22367.75484419 0.00350064
0.04640000 -22367.75475811 0.00353129
0.04680000 -22367.75467118 0.00356229
0.04720000 -22367.75462008 0.00355700
0.04760000 -22367.75454311 0.00357709
0.04800000 -22367.75442673 0.00363611
0.04840000 -22367.75434003 0.00366497
0.04880000 -22367.75425786 0.00368881
0.04920000 -22367.75416230 0.00372558
0.04960000 -22367.75405838 0.00377022
0.05000000 -22367.75398164 0.00378720
0.05040000 -22367.75388817 0.00382043
0.05080000 -22367.75380267 0.00384521
0.05120000 -22367.75372581 0.00386087
0.05160000 -22367.75361556 0.00390944
0.05200000 -22367.75351963 0.00394321
0.05240000 -22367.75343607 0.00396413
0.05280000 -22367.75336943 0.00396765
0.05320000 -22367.75327031 0.00400317
0.05360000 -22367.75315363 0.00405577
0.05400000 -22367.75308411 0.00406072
0.05440000 -22367.75297268 0.00410712
0.05480000 -22367.75286511 0.00414917
0.05520000 -22367.75278885 0.00415942
0.05560000 -22367.75269537 0.00418643
0.05600000 -22367.75256414 0.00425070
0.05640000 -22367.75246449 0.00428291
0.05680000 -22367.75239284 0.00428664
0.05720000 -22367.75228537 0.00432570
0.05760000 -22367.75217338 0.00436882
0.05800000 -22367.75205489 0.00441795
0.05840000 -22367.75196883 0.00443417
0.05880000 -22367.75187460 0.00445808
0.05920000 -22367.75176656 0.00449531
0.05960000 -22367.75164111 0.00454949
0.06000000 -22367.75157163 0.00454721
0.06040000 -22367.75145125 0.00459535
0.06080000 -22367.75134900 0.00462488
0.06120000 -22367.75124394 0.00465674
0.06160000 -22367.75113415 0.00469285
0.06200000 -22367.75103977 0.00471307
0.06240000 -22367.75092861 0.00474958
0.06280000 -22367.75081504 0.00478803
0.06320000 -22367.75070914 0.00481834
0.06360000 -22367.75057131 0.00488009
0.06400000 -22367.75046625 0.00490858
0.06440000 -22367.75036772 0.00493008
0.06480000 -22367.75026569 0.00495459
0.06520000 -22367.75015443 0.00498785
0.06560000 -22367.75005579 0.00500801
0.06600000 -22367.74993376 0.00505108
0.06640000 -22367.74981294 0.00509246
0.06680000 -22367.74970006 0.00512542
0.06720000 -22367.74956831 0.00517676
0.06760000 -22367.74946697 0.00519723
0.06800000 -22367.74933777 0.00524507
0.06840000 -22367.74921117 0.00528982
0.06880000 -22367.74910818 0.00531050
0.06920000 -22367.74897959 0.00535629
0.06960000 -22367.74887759 0.00537501
0.07000000 -22367.74875418 0.00541466
0.07040000 -22367.74860671 0.00547789
0.07080000 -22367.74850021 0.00549967
0.07120000 -22367.74838180 0.00553287
0.07160000 -22367.74828086 0.00554814
0.07200000 -22367.74814322 0.00559961
0.07240000 -22367.74801874 0.00563746
0.07280000 -22367.74788989 0.00567919
0.07320000 -22367.74777647 0.00570501
0.07360000 -22367.74764457 0.00574883
0.07400000 -22367.74750474 0.00580010
0.07440000 -22367.74738840 0.00582740
0.07480000 -22367.74726630 0.00585998
0.07520000 -22367.74712514 0.00591113
0.07560000 -22367.74699596 0.00594984
0.07600000 -22367.74685556 0.00599928
0.07640000 -22367.74673892 0.00602448
0.07680000 -22367.74660594 0.00606554
0.07720000 -22367.74648489 0.00609418
0.07760000 -22367.74636242 0.00612378
0.07800000 -22367.74621826 0.00617458
0.07840000 -22367.74609327 0.00620572
0.07880000 -22367.74595197 0.00625271
0.07920000 -22367.74582013 0.00628974
0.07960000 -22367.74568052 0.00633407
0.08000000 -22367.74551019 0.00640865
0.08040000 -22367.74541920 0.00640340
0.08080000 -22367.74527356 0.00645232
0.08120000 -22367.74514079 0.00648789
0.08160000 -22367.74500802 0.00652298
0.08200000 -22367.74486159 0.00657125
0.08240000 -22367.74472945 0.00660474
0.08280000 -22367.74459630 0.00663878
0.08320000 -22367.74444958 0.00668590
0.08360000 -22367.74426326 0.00677214
0.08400000 -22367.74415641 0.00677843
0.08440000 -22367.74403088 0.00680292
0.08480000 -22367.74386096 0.00687132
0.08520000 -22367.74374725 0.00688303
0.08560000 -22367.74359612 0.00693168
0.08600000 -22367.74346052 0.00696431
0.08640000 -22367.74330231 0.00701909
0.08680000 -22367.74315523 0.00706225
0.08720000 -22367.74299223 0.00712085
0.08760000 -22367.74286659 0.00714160
0.08800000 -22367.74270413 0.00719871
0.08840000 -22367.74256583 0.00723117
0.08880000 -22367.74241329 0.00727738
0.08920000 -22367.74227669 0.00730719
0.08960000 -22367.74212933 0.00734727
0.09000000 -22367.74197183 0.00739701
0.09040000 -22367.74182859 0.00743201
0.09080000 -22367.74165824 0.00749364
0.09120000 -22367.74151820 0.00752448
0.09160000 -22367.74139121 0.00754179
0.09200000 -22367.74122026 0.00760258
0.09240000 -22367.74106128 0.00765092
0.09280000 -22367.74088873 0.00771234
0.09320000 -22367.74075992 0.00772955
0.09360000 -22367.74061621 0.00776119
0.09400000 -22367.74043134 0.00783350
0.09440000 -22367.74027430 0.00787750
0.09480000 -22367.74013119 0.00790709
0.09520000 -22367.73996057 0.00796371
0.09560000 -22367.73982297 0.00798682
0.09600000 -22367.73963689 0.00805795
0.09640000 -22367.73945620 0.00812320
0.09680000 -22367.73932781 0.00813567
0.09720000 -22367.73915204 0.00819504
0.09760000 -22367.73898805 0.00824215
0.09800000 -22367.73882629 0.00828654
0.09840000 -22367.73867737 0.00831763
0.09880000 -22367.73849797 0.00837871
0.09920000 -22367.73835829 0.00839959
0.09960000 -22367.73817833 0.00846026
0.10000000 -22367.73801351 0.00850533
0.10040000 -22367.73784218 0.00855641
0.10080000 -22367.73767050 0.00860738
0.10120000 -22367.73750003 0.00865665
0.10160000 -22367.73732953 0.00870547
0.10200000 -22367.73716659 0.00874625
0.10240000 -22367.73700312 0.00878708
0.10280000 -22367.73685202 0.00881505
0.10320000 -22367.73666446 0.00887902
0.10360000 -22367.73647716 0.00894224
0.10400000 -22367.73633191 0.00896293
0.10440000 -22367.73614634 0.00902346
0.10480000 -22367.73599427 0.00905001
0.10520000 -22367.73579939 0.00911889
0.10560000 -22367.73563252 0.00915928
0.10600000 -22367.73543910 0.00922574
0.10640000 -22367.73526669 0.00927071
0.10680000 -22367.73510251 0.00930697
0.10720000 -22367.73490700 0.00937408
0.10760000 -22367.73473985 0.00941235
0.10800000 -22367.73458295 0.00943989
0.10840000 -22367.73438128 0.00951171
0.10880000 -22367.73421963 0.00954305
0.10920000 -22367.73403593 0.00959594
0.10960000 -22367.73384291 0.00965769
0.11000000 -22367.73366203 0.00970681
0.11040000 -22367.73348282 0.00975378
0.11080000 -22367.73330491 0.00979897
0.11120000 -22367.73310025 0.00987042
0.11160000 -22367.73293879 0.00989820
0.11200000 -22367.73276353 0.00993931
0.11240000 -22367.73256526 0.01000293
0.11280000 -22367.73239421 0.01003887
0.11320000 -22367.73220210 0.01009538
0.11360000 -22367.73200652 0.01015488
0.11400000 -22367.73183181 0.01019303
0.11440000 -22367.73164903 0.01023877
0.11480000 -22367.73143743 0.01031285
0.11520000 -22367.73125667 0.01035560
0.11560000 -22367.73106333 0.01041046
0.11600000 -22367.73090055 0.01043429
0.11640000 -22367.73066558 0.01052982
0.11680000 -22367.73048278 0.01057269
0.11720000 -22367.73029282 0.01062226
0.11760000 -22367.73010911 0.01066508
0.11800000 -22367.72991552 0.01071732
0.11840000 -22367.72970793 0.01078306
0.11880000 -22367.72953964 0.01080904
0.11920000 -22367.72934321 0.01086267
0.11960000 -22367.72915187 0.01091073
0.12000000 -22367.72891299 0.01100584
0.12040000 -22367.72873729 0.01103731
0.12080000 -22367.72854266 0.01108722
0.12120000 -22367.72835593 0.01112875
0.12160000 -22367.72814600 0.01119300
0.12200000 -22367.72793234 0.01126049
0.12240000 -22367.72774440 0.01130180
0.12280000 -22367.72756401 0.01133507
0.12320000 -22367.72733912 0.01141236
0.12360000 -22367.72712715 0.01147625
0.12400000 -22367.72694403 0.01151081
0.12440000 -22367.72676643 0.01153937
0.12480000 -22367.72651744 0.01163884
0.12520000 -22367.72632083 0.01168545
0.12560000 -22367.72610586 0.01174994
0.12600000 -22367.72593973 0.01176510
0.12640000 -22367.72571961 0.01183379
0.12680000 -22367.72548875 0.01191272
0.12720000 -22367.72527817 0.01197091
0.12760000 -22367.72507503 0.01202116
0.12800000 -22367.72489130 0.01205154
0.12840000 -22367.72466713 0.01212187
0.12880000 -22367.72448324 0.01215144
0.12920000 -22367.72423343 0.01224645
0.12960000 -22367.72404493 0.01227967
0.13000000 -22367.72380970 0.01235914
0.13040000 -22367.72361241 0.01240019
0.13080000 -22367.72339898 0.01245690
0.13120000 -22367.72317085 0.01252783
0.13160000 -22367.72298071 0.01256028
0.13200000 -22367.72276010 0.01262274
0.13240000 -22367.72254404 0.01268016
0.13280000 -22367.72231491 0.01275017
0.13320000 -22367.72210538 0.01280009
0.13360000 -22367.72189784 0.01284755
0.13400000 -22367.72167193 0.01291291
0.13440000 -22367.72145179 0.01297201
0.13480000 -22367.72121787 0.01304441
0.13520000 -22367.72100647 0.01309381
0.13560000 -22367.72078636 0.01315144
0.13600000 -22367.72054541 0.01322943
0.13640000 -22367.72034472 0.01326668
0.13680000 -22367.72013523 0.01331225
0.13720000 -22367.71990233 0.01338075
0.13760000 -22367.71967726 0.01344094
0.13800000 -22367.71944454 0.01350830
0.13840000 -22367.71922426 0.01356273
0.13880000 -22367.71899557 0.01362511
0.13920000 -22367.71879828 0.01365560
0.13960000 -22367.71856781 0.01371879
0.14000000 -22367.71832532 0.01379352
0.14040000 -22367.71809922 0.01385138
0.14080000 -22367.71788299 0.01389889
0.14120000 -22367.71765825 0.01395443
0.14160000 -22367.71742132 0.01402168
0.14200000 -22367.71717206 0.01410078
0.14240000 -22367.71695855 0.01414365
0.14280000 -22367.71669689 0.01423418
0.14320000 -22367.71648003 0.01427945
0.14360000 -22367.71625819 0.01432921
0.14400000 -22367.71601297 0.01440187
0.14440000 -22367.71576707 0.01447473
0.14480000 -22367.71557957 0.01448870
0.14520000 -22367.71533475 0.01455953
0.14560000 -22367.71508531 0.01463449
0.14600000 -22367.71484106 0.01470377
0.14640000 -22367.71462316 0.01474624
0.14680000 -22367.71438243 0.01481105
0.14720000 -22367.71412855 0.01488853
0.14760000 -22367.71388487 0.01495533
0.14800000 -22367.71366947 0.01499336
0.14840000 -22367.71338397 0.01510102
0.14880000 -22367.71317484 0.01513184
0.14920000 -22367.71292792 0.01519996
0.14960000 -22367.71268653 0.01526207
0.15000000 -22367.71244682 0.01532202
0.15040000 -22367.71219657 0.01539202
0.15080000 -22367.71195903 0.01544885
0.15120000 -22367.71173243 0.01549425
0.15160000 -22367.71145584 0.01558916
0.15200000 -22367.71123592 0.01562692
0.15240000 -22367.71097034 0.01570986
0.15280000 -22367.71073719 0.01575988
0.15320000 -22367.71047195 0.01584153
0.15360000 -22367.71020184 0.01592755
0.15400000 -22367.70997591 0.01596892
0.15440000 -22367.70972617 0.01603363
0.15480000 -22367.70948947 0.01608481
0.15520000 -22367.70924128 0.01614699
0.15560000 -22367.70899136 0.01621044
0.15600000 -22367.70872891 0.01628593
0.15640000 -22367.70847931 0.01634809
0.15680000 -22367.70825126 0.01638822
0.15720000 -22367.70798302 0.01646806
0.15760000 -22367.70770106 0.01656114
0.15800000 -22367.70746668 0.01660616
0.15840000 -22367.70722220 0.01666080
0.15880000 -22367.70695739 0.01673529
0.15920000 -22367.70671728 0.01678460
0.15960000 -22367.70646219 0.01684841
0.16000000 -22367.70621244 0.01690640
0.16040000 -22367.70591889 0.01700770
0.16080000 -22367.70568204 0.01705184
0.16120000 -22367.70542025 0.01712043
0.16160000 -22367.70514561 0.01720138
0.16200000 -22367.70488184 0.01727100
0.16240000 -22367.70463280 0.01732540
0.16280000 -22367.70436371 0.01739937
0.16320000 -22367.70411677 0.01745071
0.16360000 -22367.70383781 0.01753359
0.16400000 -22367.70355507 0.01761977
0.16440000 -22367.70331470 0.01766310
0.16480000 -22367.70303064 0.01774964
0.16520000 -22367.70280539 0.01777689
0.16560000 -22367.70251314 0.01787066
0.16600000 -22367.70224571 0.01793913
0.16640000 -22367.70200163 0.01798377
0.16680000 -22367.70171894 0.01806653
0.16720000 -22367.70141545 0.01816963
0.16760000 -22367.70118505 0.01819915
0.16800000 -22367.70089290 0.01828994
0.16840000 -22367.70063185 0.01834915
0.16880000 -22367.70034432 0.01843435
0.16920000 -22367.70009506 0.01848081
0.16960000 -22367.69983254 0.01854006
0.17000000 -22367.69953264 0.01863620
0.17040000 -22367.69925212 0.01871248
0.17080000 -22367.69900727 0.01875261
0.17120000 -22367.69872268 0.01883199
0.17160000 -22367.69846153 0.01888747
0.17200000 -22367.69816164 0.01898120
0.17240000 -22367.69790841 0.01902778
0.17280000 -22367.69759745 0.01913163
0.17320000 -22367.69734850 0.01917298
0.17360000 -22367.69705530 0.01925809
0.17400000 -22367.69678197 0.01932287
0.17440000 -22367.69650871 0.01938709
0.17480000 -22367.69621121 0.01947507
0.17520000 -22367.69593044 0.01954584
0.17560000 -22367.69566016 0.01960564
0.17600000 -22367.69534351 0.01971133
0.17640000 -22367.69509653 0.01974687
0.17680000 -22367.69480813 0.01982335
0.17720000 -22367.69450670 0.01991238
0.17760000 -22367.69425205 0.01995414
0.17800000 -22367.69397009 0.02002274
0.17840000 -22367.69369269 0.02008631
0.17880000 -22367.69337971 0.02018496
0.17920000 -22367.69309121 0.02025867
0.17960000 -22367.69278404 0.02035056
0.18006800 -22367.69249241 0.02038970
0.18040000 -22367.69221844 0.02048416
0.18080000 -22367.69191418 0.02057170
0.18120000 -22367.69160564 0.02066304
0.18160000 -22367.69135493 0.02069607
0.18200000 -22367.69105100 0.02078183
0.18240000 -22367.69077964 0.02083456
0.18280000 -22367.69047643 0.02091865
0.18320000 -22367.69020829 0.02096719
0.18360000 -22367.68989834 0.02105706
0.18400000 -22367.68961971 0.02111512
0.18440000 -22367.68930554 0.02120825
0.18480000 -22367.68900981 0.02128247
0.18520000 -22367.68871267 0.02135761
0.18560000 -22367.68841221 0.02143558
0.18600000 -22367.68811568 0.02150915
0.18640000 -22367.68782558 0.02157582
0.18680000 -22367.68753908 0.02163839
0.18720000 -22367.68722479 0.02172829
0.18760000 -22367.68692377 0.02180443
0.18800000 -22367.68662487 0.02187797
0.18840000 -22367.68634025 0.02193675
0.18880000 -22367.68598728 0.02206340
0.18920000 -22367.68572633 0.02209755
0.18960000 -22367.68543111 0.02216549
0.19000000 -22367.68511051 0.02225833
0.19040000 -22367.68484728 0.02229332
0.19080000 -22367.68452039 0.02239149
0.19120000 -22367.68419228 0.02249040
0.19160000 -22367.68389577 0.02255722
0.19200000 -22367.68358279 0.02264005
0.19240000 -22367.68329343 0.02269876
0.19280000 -22367.68297566 0.02278542
0.19320000 -22367.68266835 0.02286113
0.19360000 -22367.68237111 0.02292629
0.19400000 -22367.68204572 0.02301912
0.19440000 -22367.68173136 0.02310044
0.19480000 -22367.68140725 0.02319103
0.19520000 -22367.68112263 0.02324164
0.19560000 -22367.68082261 0.02330719
0.19600000 -22367.68048912 0.02340572
0.19640000 -22367.68018306 0.02347634
0.19680000 -22367.67988533 0.02353815
0.19720000 -22367.67953847 0.02364861
0.19760000 -22367.67924354 0.02370666
0.19800000 -22367.67894176 0.02377108
0.19840000 -22367.67862971 0.02384529
0.19880000 -22367.67829452 0.02394216
0.19920000 -22367.67798058 0.02401729
0.19960000 -22367.67766064 0.02409796
0.20000000 -22367.67732143 0.02419740
0.20040000 -22367.67701185 0.02426675
0.20080000 -22367.67668014 0.02435774
0.20120000 -22367.67637912 0.02441756
0.20160000 -22367.67605707 0.02449793
0.20200000 -22367.67573240 0.02458044
0.20240000 -22367.67542893 0.02464127
0.20280000 -22367.67510830 0.02471878
0.20320000 -22367.67477903 0.02480444
0.20360000 -22367.67443761 0.02490179
0.20400000 -22367.67412758 0.02496726
0.20440000 -22367.67380379 0.02504601
0.20480000 -22367.67346988 0.02513439
0.20520000 -22367.67315139 0.02520688
0.20560000 -22367.67280350 0.02530830
0.20600000 -22367.67248765 0.02537719
0.20640000 -22367.67215432 0.02546307
0.20680000 -22367.67179803 0.02557145
0.20720000 -22367.67151291 0.02560816
0.20760000 -22367.67116552 0.02570668
0.20800000 -22367.67082722 0.02579561
0.20840000 -22367.67052753 0.02584547
0.20880000 -22367.67017194 0.02595074
0.20920000 -22367.66982121 0.02605067
0.20960000 -22367.66949124 0.02612936
0.21000000 -22367.66916518 0.02620366
0.21040000 -22367.66883359 0.02628301
0.21080000 -22367.66850555 0.02635833
0.21120000 -22367.66816245 0.02644822
0.21160000 -22367.66782592 0.02653108
0.21200000 -22367.66747496 0.02662788
0.21240000 -22367.66714754 0.02670066
0.21280000 -22367.66683432 0.02675876
0.21320000 -22367.66647972 0.02685776
0.21360000 -22367.66613725 0.02694415
0.21400000 -22367.66582354 0.02700130
0.21440000 -22367.66545104 0.02711675
0.21480000 -22367.66510543 0.02720485
0.21520000 -22367.66477006 0.02728222
0.21560000 -22367.66440333 0.02739047
0.21600000 -22367.66408378 0.02745105
0.21640000 -22367.66374731 0.02752809
0.21680000 -22367.66337836 0.02763712
0.21720000 -22367.66304744 0.02770764
0.21760000 -22367.66269986 0.02779433
0.21800000 -22367.66235285 0.02787998
0.21840000 -22367.66201640 0.02795460
0.21880000 -22367.66165732 0.02805136
0.21920000 -22367.66129981 0.02814607
0.21960000 -22367.66094934 0.02823325
0.22000000 -22367.66058091 0.02833793
0.22040000 -22367.66022317 0.02843143
0.22080000 -22367.65982488 0.02856499
0.22120000 -22367.65955151 0.02857317
0.22160000 -22367.65918283 0.02867617
0.22200000 -22367.65885030 0.02874254
0.22240000 -22367.65849924 0.02882696
0.22280000 -22367.65813421 0.02892486
0.22320000 -22367.65779621 0.02899527
0.22360000 -22367.65744755 0.02907584
0.22400000 -22367.65708286 0.02917198
0.22440000 -22367.65670869 0.02927711
0.22480000 -22367.65636919 0.02934709
0.22520000 -22367.65601778 0.02942849
0.22560000 -22367.65564619 0.02952961
0.22600000 -22367.65530873 0.02959611
0.22640000 -22367.65492433 0.02970907
0.22680000 -22367.65456804 0.02979344
0.22720000 -22367.65422988 0.02985919
0.22760000 -22367.65385013 0.02996607
0.22800000 -22367.65349875 0.03004409
0.22840000 -22367.65313356 0.03013544
0.22880000 -22367.65278610 0.03020858
0.22920000 -22367.65241694 0.03030294
0.22960000 -22367.65204089 0.03040370
0.23000000 -22367.65167818 0.03049066
0.23040000 -22367.65132049 0.03057211
0.23080000 -22367.65095778 0.03065810
0.23120000 -22367.65059048 0.03074820
0.23160000 -22367.65019861 0.03086239
0.23200000 -22367.64982414 0.03095870
0.23240000 -22367.64948321 0.03102099
0.23280000 -22367.64912815 0.03109693
0.23320000 -22367.64872783 0.03121765
0.23360000 -22367.64836808 0.03129732
0.23400000 -22367.64799881 0.03138603
0.23440000 -22367.64760272 0.03150108
0.23480000 -22367.64724278 0.03157949
0.23520000 -22367.64684279 0.03169749
0.23560000 -22367.64650101 0.03175679
0.23600000 -22367.64612713 0.03184771
0.23640000 -22367.64574937 0.03194203
0.23680000 -22367.64536493 0.03204255
0.23720000 -22367.64499359 0.03212949
0.23760000 -22367.64461431 0.03222388
0.23800000 -22367.64422602 0.03232682
0.23840000 -22367.64385048 0.03241652
0.23880000 -22367.64350589 0.03247478
0.23920000 -22367.64312211 0.03257177
0.23960000 -22367.64273807 0.03266852
0.24000000 -22367.64236764 0.03275119
0.24040000 -22367.64197868 0.03285192
0.24080000 -22367.64158696 0.03295492
0.24120000 -22367.64121217 0.03304051
0.24160000 -22367.64082765 0.03313535
0.24200000 -22367.64045976 0.03321308
0.24240000 -22367.64008773 0.03329447
0.24280000 -22367.63970490 0.03338618
0.24320000 -22367.63931647 0.03348301
0.24360000 -22367.63892184 0.03358556
0.24400000 -22367.63853556 0.03367928
0.24440000 -22367.63816321 0.03375859
0.24480000 -22367.63776828 0.03385999
0.24520000 -22367.63737487 0.03395941
0.24560000 -22367.63700597 0.03403383
0.24600000 -22367.63659645 0.03414839
0.24640000 -22367.63620559 0.03424381
0.24680000 -22367.63582485 0.03432863
0.24720000 -22367.63543371 0.03442337
0.24760000 -22367.63503299 0.03452721
0.24800000 -22367.63464929 0.03461355
0.24840000 -22367.63426959 0.03469540
0.24880000 -22367.63385108 0.03481560
0.24920000 -22367.63348010 0.03488777
0.24960000 -22367.63308026 0.03498834
0.25000000 -22367.63266329 0.03510555
0.25040000 -22367.63228374 0.03518486
0.25080000 -22367.63189494 0.03527294
0.25120000 -22367.63151132 0.03535536
0.25160000 -22367.63111450 0.03545049
0.25200000 -22367.63070346 0.03555938
0.25240000 -22367.63029735 0.03566285
0.25280000 -22367.62990604 0.03575104
0.25320000 -22367.62948779 0.03586569
0.25360000 -22367.62909919 0.03595020
0.25400000 -22367.62868760 0.03605724
0.25440000 -22367.62830121 0.03613859
0.25480000 -22367.62790634 0.03622794
0.25520000 -22367.62748367 0.03634461
0.25560000 -22367.62710740 0.03641440
0.25600000 -22367.62667865 0.03653618
0.25640000 -22367.62629203 0.03661537
0.25680000 -22367.62587156 0.03672792
0.25720000 -22367.62548033 0.03681075
0.25760000 -22367.62506821 0.03691399
0.25800000 -22367.62466337 0.03700947
0.25840000 -22367.62425074 0.03711226
0.25880000 -22367.62385257 0.03720011
0.25920000 -22367.62344499 0.03729689
0.25960000 -22367.62301985 0.03741075
0.26000000 -22367.62264115 0.03747769
0.26040000 -22367.62220657 0.03760002
0.26080000 -22367.62177863 0.03771525
0.26120000 -22367.62139357 0.03778711
0.26160000 -22367.62097043 0.03789657
0.26200000 -22367.62058023 0.03797261
0.26240000 -22367.62015464 0.03808356
0.26280000 -22367.61972737 0.03819571
0.26320000 -22367.61931541 0.03829207
0.26360000 -22367.61890773 0.03838367
0.26400000 -22367.61850468 0.03847015
0.26440000 -22367.61810671 0.03855109
0.26480000 -22367.61766283 0.03867745
0.26520000 -22367.61724510 0.03877718
0.26560000 -22367.61680916 0.03889464
0.26600000 -22367.61640003 0.03898480
0.26640000 -22367.61597942 0.03908598
0.26680000 -22367.61555397 0.03919150
0.26720000 -22367.61515050 0.03927458
0.26760000 -22367.61472364 0.03938056
0.26800000 -22367.61432092 0.03946192
0.26840000 -22367.61387728 0.03958372
0.26880000 -22367.61347399 0.03966468
0.26920000 -22367.61304561 0.03977027
0.26960000 -22367.61260949 0.03988310
0.27000000 -22367.61219452 0.03997432
0.27040000 -22367.61176029 0.04008431
0.27080000 -22367.61133931 0.04018057
0.27120000 -22367.61091421 0.04028047
0.27160000 -22367.61048516 0.04038384
0.27200000 -22367.61005329 0.04048954
0.27240000 -22367.60962251 0.04059369
0.27280000 -22367.60919762 0.04069145
0.27320000 -22367.60877828 0.04078320
0.27360000 -22367.60831781 0.04091559
0.27400000 -22367.60789482 0.04101002
0.27440000 -22367.60747296 0.04110283
0.27480000 -22367.60704381 0.04120247
0.27520000 -22367.60658007 0.04133621
0.27560000 -22367.60615419 0.04143161
0.27600000 -22367.60572264 0.04153220
0.27640000 -22367.60527264 0.04165075
0.27680000 -22367.60486774 0.04172374
0.27720000 -22367.60441826 0.04184082
0.27760000 -22367.60400864 0.04191755
0.27800000 -22367.60355110 0.04204174
0.27840000 -22367.60311539 0.04214361
0.27880000 -22367.60267689 0.04224779
0.27920000 -22367.60222845 0.04236143
0.27960000 -22367.60178727 0.04246732
0.28000000 -22367.60135089 0.04256795
0.28040000 -22367.60091675 0.04266584
0.28080000 -22367.60044008 0.04280580
0.28120000 -22367.59997239 0.04293629
0.28160000 -22367.59956141 0.04300959
0.28200000 -22367.59913357 0.04309927
0.28240000 -22367.59867953 0.04321467
0.28280000 -22367.59823542 0.04331966
0.28320000 -22367.59780269 0.04341279
0.28360000 -22367.59734750 0.04352789
0.28400000 -22367.59692048 0.04361435
0.28440000 -22367.59647703 0.04371677
0.28480000 -22367.59602561 0.04382667
0.28520000 -22367.59556753 0.04394275
0.28560000 -22367.59513041 0.04403738
0.28600000 -22367.59466165 0.04416318
0.28640000 -22367.59421612 0.04426527
0.28680000 -22367.59377854 0.04435894
0.28720000 -22367.59332733 0.04446574
0.28760000 -22367.59286973 0.04457847
0.28800000 -22367.59241688 0.04468596
0.28840000 -22367.59196740 0.04478960
0.28880000 -22367.59150353 0.04490715
0.28920000 -22367.59107979 0.04498409
0.28960000 -22367.59061347 0.04510313
0.29000000 -22367.59013858 0.04523026
0.29040000 -22367.58970135 0.04531925
0.29080000 -22367.58922795 0.04544393
0.29120000 -22367.58877313 0.04554955
0.29160000 -22367.58833281 0.04564019
0.29200000 -22367.58784610 0.04577674
0.29240000 -22367.58739605 0.04587615
0.29280000 -22367.58691490 0.04600618
0.29320000 -22367.58648915 0.04608032
0.29360000 -22367.58600469 0.04621270
0.29400000 -22367.58556980 0.04629504
0.29440000 -22367.58512109 0.04639071
0.29480000 -22367.58464150 0.04651678
0.29520000 -22367.58414557 0.04665871
0.29560000 -22367.58370574 0.04674406
0.29600000 -22367.58322656 0.04686828
0.29640000 -22367.58279374 0.04694565
0.29680000 -22367.58232172 0.04706176
0.29720000 -22367.58186042 0.04716666
0.29760000 -22367.58136541 0.04730479
0.29800000 -22367.58091117 0.04740167
0.29840000 -22367.58044735 0.04750765
0.29880000 -22367.57998380 0.04761288
0.29920000 -22367.57949512 0.04774275
0.29960000 -22367.57903987 0.04783872
0.30000000 -22367.57859847 0.04792037
0.30040000 -22367.57810140 0.04805720
0.30080000 -22367.57762370 0.04817418
0.30120000 -22367.57712794 0.04830874
0.30160000 -22367.57664576 0.04842923
0.30200000 -22367.57619968 0.04851316
0.30240000 -22367.57573749 0.04861271
0.30280000 -22367.57524394 0.04874314
0.30320000 -22367.57478400 0.04883948
0.30360000 -22367.57429293 0.04896647
0.30400000 -22367.57379455 0.04910029
0.30440000 -22367.57335062 0.04917917
0.30480000 -22367.57286858 0.04929569
0.30520000 -22367.57237442 0.04942386
0.30560000 -22367.57186059 0.04957121
0.30600000 -22367.57141467 0.04965017
0.30640000 -22367.57091681 0.04978058
0.30680000 -22367.57046282 0.04986665
0.30720000 -22367.56996674 0.04999434
0.30760000 -22367.56950111 0.05009108
0.30800000 -22367.56899344 0.05022940
0.30840000 -22367.56852564 0.05032736
0.30880000 -22367.56804325 0.05043943
0.30920000 -22367.56755924 0.05055263
0.30960000 -22367.56707480 0.05066580
0.31000000 -22367.56659473 0.05077411
0.31040000 -22367.56612114 0.05087546
0.31080000 -22367.56561616 0.05100772
0.31120000 -22367.56510827 0.05114241
0.31160000 -22367.56463272 0.05124427
0.31200000 -22367.56412471 0.05137813
0.31240000 -22367.56367224 0.05145596
0.31280000 -22367.56317190 0.05158117
0.31320000 -22367.56266586 0.05171162
0.31360000 -22367.56219223 0.05180917
0.31400000 -22367.56169880 0.05192604
0.31440000 -22367.56121494 0.05203286
0.31480000 -22367.56069338 0.05217690
0.31520000 -22367.56021553 0.05227675
0.31560000 -22367.55971247 0.05240133
0.31600000 -22367.55919971 0.05253513
0.31640000 -22367.55871224 0.05264316
0.31680000 -22367.55824599 0.05272949
0.31720000 -22367.55773035 0.05286472
0.31760000 -22367.55723191 0.05298228
0.31800000 -22367.55672226 0.05311058
0.31840000 -22367.55622409 0.05322691
0.31880000 -22367.55571899 0.05334969
0.31920000 -22367.55516403 0.05352185
0.31960000 -22367.55474470 0.05355790
0.32000000 -22367.55425819 0.05366064
0.32040000 -22367.55373507 0.05379953
0.32080000 -22367.55323489 0.05391498
0.32120000 -22367.55273032 0.05403435
0.32160000 -22367.55220731 0.05417169
0.32200000 -22367.55173127 0.05426157
0.32240000 -22367.55120844 0.05439776
0.32280000 -22367.55068918 0.05452990
0.32320000 -22367.55020013 0.05463135
0.32360000 -22367.54965839 0.05478501
0.32400000 -22367.54920249 0.05485235
0.32440000 -22367.54866767 0.05499813
0.32480000 -22367.54817183 0.05510445
0.32520000 -22367.54764853 0.05523775
0.32560000 -22367.54718083 0.05531497
0.32600000 -22367.54664561 0.05545923
0.32640000 -22367.54613685 0.05557655
0.32680000 -22367.54564143 0.05568005
0.32720000 -22367.54508979 0.05583929
0.32760000 -22367.54460273 0.05593347
0.32800000 -22367.54407380 0.05606904
0.32840000 -22367.54357218 0.05617682
0.32880000 -22367.54306204 0.05629264
0.32920000 -22367.54252854 0.05643134
0.32960000 -22367.54202550 0.05653910
0.33000000 -22367.54150964 0.05665920
0.33040000 -22367.54098341 0.05678918
0.33080000 -22367.54045892 0.05691696
0.33120000 -22367.53995622 0.05702246
0.33160000 -22367.53942816 0.05715284
0.33200000 -22367.53891659 0.05726625
0.33240000 -22367.53840811 0.05737608
0.33280000 -22367.53787635 0.05750873
0.33320000 -22367.53736191 0.05762356
0.33360000 -22367.53684407 0.05774133
0.33400000 -22367.53630514 0.05787970
0.33440000 -22367.53576842 0.05801538
0.33480000 -22367.53526475 0.05811753
0.33520000 -22367.53472945 0.05825083
0.33560000 -22367.53419203 0.05838577
0.33600000 -22367.53367630 0.05849854
0.33640000 -22367.53317080 0.05860060
0.33680000 -22367.53262752 0.05873996
0.33720000 -22367.53208797 0.05887511
0.33760000 -22367.53158237 0.05897583
0.33800000 -22367.53105294 0.05909990
0.33840000 -22367.53053515 0.05921184
0.33880000 -22367.52998356 0.05935711
0.33920000 -22367.52942897 0.05950491
0.33960000 -22367.52893942 0.05958718
0.34000000 -22367.52839610 0.05972274
0.34040000 -22367.52786186 0.05984874
0.34080000 -22367.52731373 0.05998815
0.34120000 -22367.52679610 0.06009658
0.34160000 -22367.52624998 0.06023302
0.34200000 -22367.52569698 0.06037586
0.34240000 -22367.52519920 0.06046300
0.34280000 -22367.52466554 0.06058554
0.34320000 -22367.52411814 0.06072134
0.34360000 -22367.52355643 0.06087097
0.34400000 -22367.52304539 0.06096945
0.34440000 -22367.52251289 0.06108891
0.34480000 -22367.52197796 0.06121032
0.34520000 -22367.52141321 0.06136107
0.34560000 -22367.52090263 0.06145717
0.34600000 -22367.52033063 0.06161421
0.34640000 -22367.51980247 0.06172693
0.34680000 -22367.51923151 0.06188197
0.34720000 -22367.51872110 0.06197597
0.34760000 -22367.51815169 0.06212851
0.34800000 -22367.51762961 0.06223323
0.34840000 -22367.51709211 0.06235288
0.34880000 -22367.51654182 0.06248486
0.34920000 -22367.51599040 0.06261748
0.34960000 -22367.51543496 0.06275363
0.35000000 -22367.51488643 0.06288241
0.35040000 -22367.51435696 0.06299164
0.35080000 -22367.51381651 0.06311136
0.35120000 -22367.51325614 0.06325053
0.35160000 -22367.51267641 0.06340858
0.35200000 -22367.51213838 0.06352445
0.35240000 -22367.51155595 0.06368424
0.35280000 -22367.51104187 0.06377521
0.35320000 -22367.51048077 0.06391271
0.35360000 -22367.50995589 0.06401350
0.35400000 -22367.50939107 0.06415377
0.35440000 -22367.50886124 0.06425855
0.35480000 -22367.50829258 0.06440170
0.35520000 -22367.50772746 0.06454081
0.35560000 -22367.50718949 0.06465230
0.35600000 -22367.50660556 0.06480927
0.35640000 -22367.50607238 0.06491502
0.35680000 -22367.50550940 0.06505007
0.35720000 -22367.50493250 0.06519857
0.35760000 -22367.50438609 0.06531611
0.35800000 -22367.50379428 0.06547856
0.35840000 -22367.50328361 0.06555939
0.35880000 -22367.50271324 0.06569944
0.35920000 -22367.50215146 0.06583042
0.35960000 -22367.50159072 0.06595988
0.36000000 -22367.50102135 0.06609749
0.36040000 -22367.50044930 0.06623730
0.36080000 -22367.49989782 0.06635606
0.36120000 -22367.49932574 0.06649494
0.36160000 -22367.49877201 0.06661499
0.36200000 -22367.49819762 0.06675522
0.36240000 -22367.49763426 0.06688394
0.36280000 -22367.49707354 0.06700954
0.36320000 -22367.49648913 0.06715835
0.36360000 -22367.49592221 0.06728918
0.36400000 -22367.49535837 0.06741647
0.36440000 -22367.49478453 0.06755327
0.36480000 -22367.49422529 0.06767499
0.36520000 -22367.49368621 0.06777607
0.36560000 -22367.49307607 0.06794773
0.36600000 -22367.49252156 0.06806328
0.36640000 -22367.49193042 0.06821498
0.36680000 -22367.49135453 0.06835094
0.36720000 -22367.49080204 0.06846304
0.36760000 -22367.49019277 0.06863142
0.36800000 -22367.48960502 0.06877781
0.36840000 -22367.48907964 0.06886135
0.36880000 -22367.48849068 0.06900800
0.36920000 -22367.48790475 0.06915113
0.36960000 -22367.48733975 0.06927284
0.37000000 -22367.48675086 0.06941798
0.37040000 -22367.48618000 0.06954460
0.37080000 -22367.48560857 0.06967131
0.37120000 -22367.48502421 0.06981047
0.37160000 -22367.48443693 0.06995207
0.37200000 -22367.48386298 0.07007986
0.37240000 -22367.48325843 0.07023777
0.37280000 -22367.48271686 0.07033222
0.37320000 -22367.48211589 0.07048559
0.37360000 -22367.48154162 0.07061178
0.37400000 -22367.48095399 0.07075084
0.37440000 -22367.48035330 0.07090250
0.37480000 -22367.47977788 0.07102840
0.37520000 -22367.47920978 0.07114650
0.37560000 -22367.47861426 0.07129154
0.37600000 -22367.47803194 0.07142290
0.37640000 -22367.47743802 0.07156538
0.37680000 -22367.47686645 0.07168503
0.37720000 -22367.47628044 0.07181864
0.37760000 -22367.47566333 0.07198287
0.37800000 -22367.47508985 0.07210299
0.37840000 -22367.47449336 0.07224564
0.37880000 -22367.47387516 0.07240952
0.37920000 -22367.47329737 0.07253250
0.37960000 -22367.47268140 0.07269320
0.38000000 -22367.47212955 0.07278929
0.38040000 -22367.47154948 0.07291312
0.38080000 -22367.47091735 0.07308853
0.38120000 -22367.47033783 0.07321085
0.38160000 -22367.46974395 0.07334705
0.38200000 -22367.46914300 0.07348983
0.38240000 -22367.46854652 0.07362768
0.38280000 -22367.46795475 0.07376032
0.38320000 -22367.46732553 0.07392995
0.38360000 -22367.46677348 0.07402192
0.38400000 -22367.46614649 0.07418835
0.38440000 -22367.46558138 0.07429242
0.38480000 -22367.46495856 0.07445371
0.38520000 -22367.46436548 0.07458480
0.38560000 -22367.46376007 0.07472773
0.38600000 -22367.46314504 0.07487980
0.38640000 -22367.46256830 0.07499310
0.38680000 -22367.46196242 0.07513506
0.38720000 -22367.46135789 0.07527519
0.38760000 -22367.46075861 0.07540959
0.38800000 -22367.46012986 0.07557298
0.38840000 -22367.45954260 0.07569440
0.38880000 -22367.45892913 0.07584155
0.38920000 -22367.45829699 0.07600689
0.38960000 -22367.45770181 0.07613479
0.39000000 -22367.45709674 0.07627210
0.39040000 -22367.45648867 0.07641193
0.39080000 -22367.45587620 0.07655568
0.39120000 -22367.45528430 0.07667838
0.39160000 -22367.45466230 0.07683069
0.39200000 -22367.45403594 0.07698689
0.39240000 -22367.45342382 0.07712838
0.39280000 -22367.45281817 0.07726291
0.39320000 -22367.45223399 0.07737549
0.39360000 -22367.45159038 0.07754702
0.39400000 -22367.45097463 0.07769021
0.39440000 -22367.45036392 0.07782787
0.39480000 -22367.44971676 0.07800152
0.39520000 -22367.44913757 0.07810670
0.39560000 -22367.44850856 0.07826124
0.39600000 -22367.44790964 0.07838520
0.39640000 -22367.44729393 0.07852547
0.39680000 -22367.44667169 0.07867178
0.39720000 -22367.44603075 0.07883632
0.39760000 -22367.44543473 0.07895546
0.39800000 -22367.44480136 0.07911148
0.39840000 -22367.44419013 0.07924487
0.39880000 -22367.44356837 0.07938831
0.39920000 -22367.44295234 0.07952553
0.39960000 -22367.44232865 0.07966995
0.40000000 -22367.44171115 0.07980769
0.40040000 -22367.44109454 0.07994406
0.40080000 -22367.44046819 0.08008968
0.40120000 -22367.43982579 0.08025089
0.40160000 -22367.43919279 0.08040220
0.40200000 -22367.43858283 0.08053000
0.40240000 -22367.43797111 0.08065909
0.40280000 -22367.43733517 0.08081191
0.40320000 -22367.43670818 0.08095530
0.40360000 -22367.43607283 0.08110656
0.40400000 -22367.43543782 0.08125701
0.40440000 -22367.43479072 0.08141907
0.40480000 -22367.43416780 0.08155648
0.40520000 -22367.43354738 0.08169089
0.40560000 -22367.43289271 0.08185909
0.40600000 -22367.43230056 0.08196428
0.40640000 -22367.43164413 0.08213326
0.40680000 -22367.43100549 0.08228399
0.40720000 -22367.43038726 0.08241382
0.40760000 -22367.42977075 0.08254145
0.40800000 -22367.42912980 0.08269304
0.40840000 -22367.42848914 0.08284385
0.40880000 -22367.42784806 0.08299462
0.40920000 -22367.42720092 0.08315096
0.40960000 -22367.42654910 0.08331150
0.41000000 -22367.42589989 0.08346895
0.41040000 -22367.42525661 0.08361999
0.41080000 -22367.42462477 0.08375911
0.41120000 -22367.42402256 0.08386812
0.41160000 -22367.42338464 0.08401236
0.41200000 -22367.42273795 0.08416489
0.41240000 -22367.42211888 0.08428931
0.41280000 -22367.42142089 0.08449219
0.41320000 -22367.42078395 0.08463353
0.41360000 -22367.42012350 0.08479790
0.41400000 -22367.41948379 0.08494105
0.41440000 -22367.41884607 0.08508173
0.41480000 -22367.41821213 0.08521814
0.41520000 -22367.41755506 0.08537722
0.41560000 -22367.41692023 0.08551357
0.41600000 -22367.41630988 0.08562496
0.41640000 -22367.41562783 0.08580756
0.41680000 -22367.41499069 0.08594479
0.41720000 -22367.41433725 0.08609783
0.41760000 -22367.41368134 0.08625286
0.41800000 -22367.41302795 0.08640489
0.41840000 -22367.41239067 0.08654033
0.41880000 -22367.41173663 0.08669205
0.41920000 -22367.41107964 0.08684624
0.41960000 -22367.41043132 0.08699127
0.42000000 -22367.40976989 0.08714894
0.42040000 -22367.40913187 0.08728273
0.42080000 -22367.40847003 0.08743985
0.42120000 -22367.40777556 0.08762912
0.42160000 -22367.40716270 0.08773630
0.42200000 -22367.40650391 0.08788893
0.42240000 -22367.40585039 0.08803581
0.42280000 -22367.40519528 0.08818380
0.42320000 -22367.40453011 0.08834137
0.42360000 -22367.40387475 0.08848865
0.42400000 -22367.40321654 0.08863830
0.42440000 -22367.40252358 0.08882222
0.42480000 -22367.40190491 0.08893137
0.42520000 -22367.40124506 0.08908122
0.42560000 -22367.40058142 0.08923438
0.42600000 -22367.39993502 0.08936982
0.42640000 -22367.39924827 0.08954513
0.42680000 -22367.39859521 0.08968626
0.42720000 -22367.39792171 0.08984737
0.42760000 -22367.39724677 0.09000943
0.42800000 -22367.39660203 0.09014081
0.42840000 -22367.39594303 0.09028597
0.42880000 -22367.39526232 0.09045236
0.42920000 -22367.39458680 0.09061308
0.42960000 -22367.39393214 0.09075245
0.43000000 -22367.39323291 0.09093592
0.43040000 -22367.39255821 0.09109439
0.43080000 -22367.39190474 0.09123114
0.43120000 -22367.39127240 0.09134628
0.43160000 -22367.39058209 0.09151890
0.43200000 -22367.38990619 0.09167665
0.43240000 -22367.38921595 0.09184824
0.43280000 -22367.38853456 0.09201052
0.43320000 -22367.38789143 0.09213404
0.43360000 -22367.38722163 0.09228376
0.43400000 -22367.38653236 0.09245248
0.43440000 -22367.38587231 0.09259149
0.43480000 -22367.38517736 0.09276491
0.43520000 -22367.38450805 0.09291222
0.43560000 -22367.38385706 0.09304074
0.43600000 -22367.38316583 0.09320901
0.43640000 -22367.38248901 0.09336239
0.43680000 -22367.38180802 0.09351946
0.43720000 -22367.38113843 0.09366465
0.43760000 -22367.38045439 0.09382381
0.43800000 -22367.37974900 0.09400384
0.43840000 -22367.37909016 0.09413684
0.43880000 -22367.37841387 0.09428681
0.43920000 -22367.37773970 0.09443418
0.43960000 -22367.37705447 0.09459213
0.44000000 -22367.37635567 0.09476317
0.44040000 -22367.37567444 0.09491616
0.44080000 -22367.37499753 0.09506434
0.44120000 -22367.37431772 0.09521496
0.44160000 -22367.37361348 0.09538952
0.44200000 -22367.37292384 0.09554900
0.44240000 -22367.37226448 0.09567772
0.44280000 -22367.37158697 0.09582411
0.44320000 -22367.37087647 0.09600301
0.44360000 -22367.37019749 0.09614991
0.44400000 -22367.36950136 0.09631348
0.44440000 -22367.36880746 0.09647434
0.44480000 -22367.36810206 0.09664622
0.44520000 -22367.36743817 0.09677611
0.44560000 -22367.36672431 0.09695549
0.44600000 -22367.36604611 0.09709873
0.44640000 -22367.36535388 0.09725551
0.44680000 -22367.36463894 0.09743454
0.44720000 -22367.36396272 0.09757435
0.44760000 -22367.36324337 0.09775683
0.44800000 -22367.36255473 0.09790811
0.44840000 -22367.36187722 0.09804777
0.44880000 -22367.36118518 0.09820150
0.44920000 -22367.36049903 0.09834885
0.44960000 -22367.35979834 0.09851026
0.45000000 -22367.35910880 0.09866003
0.45040000 -22367.35838005 0.09884854
0.45080000 -22367.35769023 0.09899765
0.45120000 -22367.35697284 0.09917384
0.45160000 -22367.35628507 0.09931993
0.45200000 -22367.35557828 0.09948456
0.45240000 -22367.35489493 0.09962527
0.45280000 -22367.35418610 0.09979098
0.45320000 -22367.35346568 0.09996780
0.45360000 -22367.35277826 0.10011114
0.45400000 -22367.35209255 0.10025229
0.45440000 -22367.35136031 0.10043949
0.45480000 -22367.35067070 0.10058358
0.45520000 -22367.34994946 0.10075882
0.45560000 -22367.34923762 0.10092418
0.45600000 -22367.34855059 0.10106425
0.45640000 -22367.34783871 0.10122869
0.45680000 -22367.34712280 0.10139668
0.45720000 -22367.34642644 0.10154463
0.45760000 -22367.34570063 0.10172157
0.45800000 -22367.34500251 0.10187032
0.45840000 -22367.34430118 0.10202182
0.45880000 -22367.34358698 0.10218569
0.45920000 -22367.34288045 0.10234143
0.45960000 -22367.34216421 0.10250639
0.46000000 -22367.34142783 0.10269101
0.46040000 -22367.34072769 0.10283891
0.46080000 -22367.34000515 0.10300873
0.46120000 -22367.33928979 0.10317089
0.46160000 -22367.33856368 0.10334332
0.46200000 -22367.33785938 0.10349346
0.46240000 -22367.33712951 0.10366869
0.46280000 -22367.33639511 0.10384797
0.46320000 -22367.33570832 0.10397915
0.46360000 -22367.33500291 0.10412848
0.46400000 -22367.33425489 0.10431995
0.46440000 -22367.33351979 0.10449800
0.46480000 -22367.33278535 0.10467493
0.46520000 -22367.33208925 0.10481303
0.46560000 -22367.33137115 0.10497265
0.46600000 -22367.33064260 0.10514224
0.46640000 -22367.32993766 0.10528774
0.46680000 -22367.32921464 0.10545083
0.46720000 -22367.32848874 0.10561633
0.46760000 -22367.32777374 0.10577046
0.46800000 -22367.32702710 0.10595574
0.46840000 -22367.32629161 0.10612939
0.46880000 -22367.32558471 0.10627397
0.46920000 -22367.32485799 0.10643789
0.46960000 -22367.32411763 0.10661497
0.47000000 -22367.32337753 0.10679131
0.47040000 -22367.32265892 0.10694568
0.47080000 -22367.32191711 0.10712277
0.47120000 -22367.32121772 0.10725696
0.47160000 -22367.32047508 0.10743392
0.47200000 -22367.31974792 0.10759492
0.47240000 -22367.31900594 0.10777026
0.47280000 -22367.31824537 0.10796370
0.47320000 -22367.31754297 0.10809851
0.47360000 -22367.31681743 0.10825597
0.47400000 -22367.31608857 0.10841627
0.47440000 -22367.31533450 0.10860130
0.47480000 -22367.31460200 0.10876428
0.47520000 -22367.31386909 0.10892719
0.47560000 -22367.31313951 0.10908629
0.47600000 -22367.31238249 0.10927235
0.47640000 -22367.31166161 0.10942179
0.47680000 -22367.31090438 0.10960710
0.47720000 -22367.31017708 0.10976200
0.47760000 -22367.30940068 0.10996552
0.47800000 -22367.30867470 0.11011814
0.47840000 -22367.30794960 0.11026940
0.47880000 -22367.30719986 0.11044482
0.47920000 -22367.30645046 0.11061942
0.47960000 -22367.30569407 0.11080053
0.48000000 -22367.30498117 0.11093766
0.48040000 -22367.30422939 0.11111321
0.48080000 -22367.30351124 0.11125464
0.48120000 -22367.30274716 0.11144152
0.48160000 -22367.30197692 0.11163408
0.48200000 -22367.30122441 0.11180843
0.48240000 -22367.30050865 0.11194555
0.48280000 -22367.29976552 0.11210955
0.48320000 -22367.29902167 0.11227381
0.48360000 -22367.29824825 0.11246715
0.48400000 -22367.29749936 0.11263548
0.48440000 -22367.29675121 0.11280259
0.48480000 -22367.29599470 0.11297758
0.48520000 -22367.29525114 0.11313914
0.48560000 -22367.29449356 0.11331424
0.48600000 -22367.29373544 0.11348940
0.48640000 -22367.29297721 0.11366419
0.48680000 -22367.29223315 0.11382433
0.48720000 -22367.29149413 0.11397894
0.48760000 -22367.29072866 0.11415953
0.48800000 -22367.28996606 0.11433678
0.48840000 -22367.28922182 0.11449518
0.48880000 -22367.28844714 0.11468354
0.48920000 -22367.28770266 0.11484122
0.48960000 -22367.28692878 0.11502782
0.49000000 -22367.28617109 0.11519775
0.49040000 -22367.28538179 0.11539881
0.49080000 -22367.28465024 0.11554164
0.49120000 -22367.28387673 0.11572595
0.49160000 -22367.28307209 0.11594091
0.49200000 -22367.28237515 0.11604769
0.49240000 -22367.28161303 0.11621917
0.49280000 -22367.28084938 0.11639169
0.49320000 -22367.28005657 0.11659291
0.49360000 -22367.27930007 0.11675733
0.49400000 -22367.27853413 0.11693071
0.49440000 -22367.27776703 0.11710477
0.49480000 -22367.27699979 0.11727849
0.49520000 -22367.27626600 0.11741828
0.49560000 -22367.27548642 0.11760338
0.49600000 -22367.27469868 0.11779616
0.49640000 -22367.27391688 0.11798252
0.49680000 -22367.27317448 0.11812900
0.49720000 -22367.27239512 0.11831196
0.49760000 -22367.27163989 0.11847031
0.49800000 -22367.27084807 0.11866477
0.49840000 -22367.27006979 0.11884520
0.49880000 -22367.26930359 0.11901309
0.49920000 -22367.26853562 0.11918226
0.49960000 -22367.26777293 0.11934567
0.50000000 -22367.26699965 0.11951919
0.50040000 -22367.26620757 0.11971103
0.50080000 -22367.26542992 0.11988796
0.50120000 -22367.26463298 0.12008369
0.50160000 -22367.26386645 0.12024854
0.50200000 -22367.26310687 0.12040597
0.50240000 -22367.26232404 0.12058616
0.50280000 -22367.26154067 0.12076640
0.50320000 -22367.26077745 0.12092603
0.50360000 -22367.25996532 0.12113408
0.50400000 -22367.25922517 0.12126967
0.50440000 -22367.25842977 0.12146003
0.50480000 -22367.25763193 0.12165234
0.50520000 -22367.25686144 0.12181684
0.50560000 -22367.25606037 0.12201143
0.50600000 -22367.25528447 0.12218037
0.50640000 -22367.25451151 0.12234589
0.50680000 -22367.25372916 0.12252032
0.50720000 -22367.25292457 0.12271650
0.50760000 -22367.25216850 0.12286369
0.50800000 -22367.25136710 0.12305573
0.50840000 -22367.25058930 0.12322370
0.50880000 -22367.24979252 0.12341016
0.50920000 -22367.24899822 0.12359366
0.50960000 -22367.24820239 0.12377821
0.51000000 -22367.24745591 0.12391292
0.51040000 -22367.24663393 0.12412267
0.51080000 -22367.24582092 0.12432296
0.51120000 -22367.24504929 0.12448139
0.51160000 -22367.24425806 0.12465893
0.51200000 -22367.24346907 0.12483377
0.51240000 -22367.24267997 0.12500822
0.51280000 -22367.24186498 0.12520810
0.51320000 -22367.24108455 0.12537293
0.51360000 -22367.24028781 0.12555359
0.51400000 -22367.23948428 0.12574056
0.51440000 -22367.23869750 0.12591030
0.51480000 -22367.23786190 0.12612838
0.51520000 -22367.23709309 0.12627919
0.51560000 -22367.23631047 0.12644333
0.51600000 -22367.23550688 0.12662796
0.51640000 -22367.23472342 0.12679198
0.51680000 -22367.23389668 0.12699880
0.51720000 -22367.23311993 0.12715515
0.51760000 -22367.23230215 0.12735205
0.51800000 -22367.23151162 0.12752122
0.51840000 -22367.23069345 0.12771755
0.51880000 -22367.22988179 0.12790689
0.51920000 -22367.22907768 0.12808820
0.51960000 -22367.22830295 0.12823965
0.52000000 -22367.22747933 0.12843951
0.52040000 -22367.22666969 0.12862491
0.52080000 -22367.22587796 0.12879192
0.52120000 -22367.22505939 0.12898528
0.52160000 -22367.22425821 0.12916079
0.52200000 -22367.22343756 0.12935527
0.52240000 -22367.22262930 0.12953689
0.52280000 -22367.22182945 0.12970963
0.52320000 -22367.22102197 0.12988951
0.52360000 -22367.22022520 0.13005820
0.52400000 -22367.21938617 0.13026867
0.52440000 -22367.21859911 0.13042669
0.52480000 -22367.21777896 0.13061732
0.52520000 -22367.21697334 0.13079294
0.52560000 -22367.21615607 0.13097973
0.52600000 -22367.21533500 0.13116984
0.52640000 -22367.21452622 0.13134718
0.52680000 -22367.21371629 0.13152519
0.52720000 -22367.21289360 0.13171547
0.52760000 -22367.21208411 0.13189209
0.52800000 -22367.21126590 0.13207694
0.52840000 -22367.21042567 0.13228333
0.52880000 -22367.20961183 0.13246285
0.52920000 -22367.20879349 0.13264639
0.52960000 -22367.20797725 0.13282735
0.53000000 -22367.20714499 0.13302385
0.53040000 -22367.20633146 0.13320114
0.53080000 -22367.20552435 0.13337153
0.53120000 -22367.20470313 0.13355555
0.53160000 -22367.20388452 0.13373647
0.53200000 -22367.20304176 0.13394108
0.53240000 -22367.20222759 0.13411661
0.53280000 -22367.20138936 0.13431572
0.53320000 -22367.20057528 0.13449020
0.53360000 -22367.19975067 0.13467473
0.53400000 -22367.19892156 0.13486328
0.53440000 -22367.19811319 0.13503060
0.53480000 -22367.19726533 0.13523695
0.53520000 -22367.19645887 0.13540141
0.53560000 -22367.19562048 0.13559731
0.53600000 -22367.19480139 0.13577345
0.53640000 -22367.19397917 0.13595222
0.53680000 -22367.19311400 0.13617347
0.53720000 -22367.19229371 0.13634937
0.53760000 -22367.19146734 0.13653086
0.53800000 -22367.19065293 0.13669991
0.53840000 -22367.18981041 0.13689659
0.53880000 -22367.18896704 0.13709363
0.53920000 -22367.18812594 0.13728794
0.53960000 -22367.18731718 0.13744942
0.54000000 -22367.18641823 0.13770061
0.54040000 -22367.18562851 0.13784209
0.54080000 -22367.18480135 0.13802053
0.54120000 -22367.18397466 0.13819802
0.54160000 -22367.18311207 0.13841092
0.54200000 -22367.18228644 0.13858640
0.54240000 -22367.18144128 0.13878091
0.54280000 -22367.18060396 0.13896711
0.54320000 -22367.17977841 0.13914107
0.54360000 -22367.17892951 0.13933789
0.54400000 -22367.17807406 0.13954078
0.54440000 -22367.17724069 0.13972111
0.54480000 -22367.17639620 0.13991207
0.54520000 -22367.17553894 0.14011534
0.54560000 -22367.17471366 0.14028614
0.54600000 -22367.17385312 0.14049172
0.54640000 -22367.17302826 0.14066114
0.54680000 -22367.17217799 0.14085549
0.54720000 -22367.17132423 0.14105285
0.54760000 -22367.17048368 0.14123652
0.54800000 -22367.16962915 0.14143368
0.54840000 -22367.16876060 0.14164440
0.54880000 -22367.16794566 0.14180102
0.54920000 -22367.16707619 0.14201169
0.54960000 -22367.16625065 0.14217795
0.55000000 -22367.16538728 0.14238156
0.55040000 -22367.16453593 0.14257267
0.55080000 -22367.16367749 0.14277038
0.55120000 -22367.16286089 0.14292579
0.55160000 -22367.16196105 0.14316395
0.55200000 -22367.16109616 0.14336667
0.55240000 -22367.16025203 0.14354817
0.55280000 -22367.15940997 0.14372711
0.55320000 -22367.15855517 0.14391831
0.55360000 -22367.15770323 0.14410617
0.55400000 -22367.15685070 0.14429414
0.55440000 -22367.15600092 0.14447887
0.55480000 -22367.15509516 0.14471912
0.55520000 -22367.15426161 0.14488667
0.55560000 -22367.15340613 0.14507567
0.55600000 -22367.15255924 0.14525560
0.55640000 -22367.15168874 0.14545866
0.55680000 -22367.15084128 0.14563819
0.55720000 -22367.14997620 0.14583488
0.55760000 -22367.14908919 0.14605301
0.55800000 -22367.14823553 0.14623731
0.55840000 -22367.14736855 0.14643445
0.55880000 -22367.14652265 0.14661003
0.55920000 -22367.14565648 0.14680540
0.55960000 -22367.14478158 0.14700902
0.56000000 -22367.14391733 0.14720151
0.56040000 -22367.14305704 0.14738956
0.56080000 -22367.14216557 0.14760831
0.56120000 -22367.14130424 0.14779644
0.56160000 -22367.14044690 0.14798010
0.56200000 -22367.13956062 0.14819222
0.56240000 -22367.13870306 0.14837514
0.56280000 -22367.13783959 0.14856348
0.56320000 -22367.13699695 0.14873053
0.56360000 -22367.13609755 0.14895385
0.56400000 -22367.13521136 0.14916348
0.56440000 -22367.13433300 0.14936480
0.56480000 -22367.13345853 0.14956175
0.56520000 -22367.13259851 0.14974377
0.56560000 -22367.13172454 0.14993926
0.56600000 -22367.13084039 0.15014444
0.56640000 -22367.12996043 0.15034497
0.56680000 -22367.12907745 0.15054803
0.56720000 -22367.12822404 0.15072103
0.56760000 -22367.12731184 0.15095236
0.56800000 -22367.12645682 0.15112602
0.56840000 -22367.12555783 0.15134317
0.56880000 -22367.12470093 0.15151775
0.56920000 -22367.12382699 0.15170889
0.56960000 -22367.12294388 0.15190871
0.57000000 -22367.12204141 0.15212743
0.57040000 -22367.12117989 0.15230471
0.57080000 -22367.12028596 0.15251392
0.57120000 -22367.11938014 0.15273453
0.57160000 -22367.11852715 0.15290185
0.57200000 -22367.11764529 0.15309754
0.57240000 -22367.11678128 0.15327492
0.57280000 -22367.11585131 0.15351777
0.57320000 -22367.11497890 0.15370257
0.57360000 -22367.11409486 0.15389854
0.57400000 -22367.11320547 0.15409937
0.57440000 -22367.11233454 0.15428126
0.57480000 -22367.11143258 0.15449370
0.57520000 -22367.11054703 0.15468925
0.57560000 -22367.10965203 0.15489376
0.57600000 -22367.10876828 0.15508656
0.57640000 -22367.10787750 0.15528590
0.57680000 -22367.10698040 0.15549108
0.57720000 -22367.10609585 0.15568323
0.57760000 -22367.10519782 0.15588838
0.57800000 -22367.10432798 0.15606486
0.57840000 -22367.10341667 0.15628233
0.57880000 -22367.10251969 0.15648499
0.57920000 -22367.10161280 0.15669708
0.57960000 -22367.10073959 0.15687500
0.58000000 -22367.09983921 0.15707963
0.58040000 -22367.09894461 0.15727799
0.58080000 -22367.09804286 0.15748302
0.58120000 -22367.09713703 0.15769164
0.58160000 -22367.09624726 0.15788374
0.58200000 -22367.09532404 0.15810880
0.58240000 -22367.09446274 0.15827146
0.58280000 -22367.09353960 0.15849548
0.58320000 -22367.09265872 0.15867676
0.58360000 -22367.09173458 0.15890082
0.58400000 -22367.09082647 0.15910837
0.58440000 -22367.08995918 0.15927462
0.58480000 -22367.08902940 0.15950288
0.58520000 -22367.08810860 0.15972168
0.58560000 -22367.08721631 0.15991149
0.58600000 -22367.08626856 0.16015628
0.58640000 -22367.08543900 0.16028240
0.58680000 -22367.08452634 0.16049114
0.58720000 -22367.08359978 0.16071330
0.58760000 -22367.08270909 0.16089911
0.58800000 -22367.08178735 0.16111549
0.58840000 -22367.08088399 0.16131301
0.58880000 -22367.07995859 0.16153209
0.58920000 -22367.07905784 0.16172604
0.58960000 -22367.07813030 0.16194630
0.59000000 -22367.07723382 0.16213502
0.59040000 -22367.07631425 0.16234635
0.59080000 -22367.07541904 0.16253284
0.59120000 -22367.07449756 0.16274512
0.59160000 -22367.07357281 0.16296019
0.59200000 -22367.07266983 0.16315301
0.59240000 -22367.07176279 0.16334941
0.59280000 -22367.07084628 0.16355480
0.59320000 -22367.06992781 0.16376166
0.59360000 -22367.06901408 0.16396332
0.59400000 -22367.06805938 0.16420545
0.59440000 -22367.06715891 0.16439289
0.59480000 -22367.06624612 0.16459216
0.59520000 -22367.06532847 0.16479581
0.59560000 -22367.06440370 0.16500610
0.59600000 -22367.06350113 0.16519371
0.59640000 -22367.06256988 0.16540951
0.59680000 -22367.06164995 0.16561352
0.59720000 -22367.06072537 0.16582170
0.59760000 -22367.05981880 0.16601139
0.59800000 -22367.05887766 0.16623517
0.59840000 -22367.05797099 0.16642400
0.59880000 -22367.05703466 0.16664201
0.59920000 -22367.05609326 0.16686461
0.59960000 -22367.05520743 0.16703117
0.60000000 -22367.05425635 0.16726249
0.60040000 -22367.05332661 0.16747199
0.60080000 -22367.05239971 0.16767817
0.60120000 -22367.05147234 0.16788434
0.60160000 -22367.05052655 0.16810845
0.60200000 -22367.04963974 0.16827310
0.60240000 -22367.04870137 0.16848883
0.60280000 -22367.04776184 0.16870524
0.60320000 -22367.04683426 0.16890922
0.60360000 -22367.04591013 0.16910927
0.60400000 -22367.04497625 0.16931859
0.60440000 -22367.04404749 0.16952231
0.60480000 -22367.04311188 0.16973240
0.60520000 -22367.04217012 0.16994815
0.60560000 -22367.04123863 0.17015317
0.60600000 -22367.04030963 0.17035521
0.60640000 -22367.03937479 0.17056261
0.60680000 -22367.03843123 0.17077825
0.60720000 -22367.03748587 0.17099521
0.60760000 -22367.03653669 0.17121550
0.60800000 -22367.03562966 0.17139318
0.60840000 -22367.03469346 0.17159953
0.60880000 -22367.03375879 0.17180388
0.60920000 -22367.03281442 0.17201745
0.60960000 -22367.03186098 0.17223961
0.61000000 -22367.03093475 0.17243409
0.61040000 -22367.02996666 0.17266994
0.61080000 -22367.02901824 0.17288564
0.61120000 -22367.02810410 0.17306658
0.61160000 -22367.02715339 0.17328361
0.61200000 -22367.02622184 0.17348099
0.61240000 -22367.02527253 0.17369566
0.61280000 -22367.02432770 0.17390538
0.61320000 -22367.02337924 0.17411824
0.61360000 -22367.02244815 0.17431324
0.61400000 -22367.02150658 0.17451826
0.61440000 -22367.02055002 0.17473777
0.61480000 -22367.01959910 0.17495118
0.61520000 -22367.01866589 0.17514639
0.61560000 -22367.01770155 0.17537224
0.61600000 -22367.01673018 0.17560466
0.61640000 -22367.01580420 0.17579120
0.61680000 -22367.01484087 0.17601461
0.61720000 -22367.01388287 0.17623221
0.61760000 -22367.01293121 0.17644299
0.61800000 -22367.01201003 0.17662281
0.61840000 -22367.01106347 0.17682753
0.61880000 -22367.01009902 0.17704965
0.61920000 -22367.00914221 0.17726367
0.61960000 -22367.00820007 0.17746253
