# strain(%), strain_el(%), stress(GPa)
0.00000000 -0.00013066 0.00000001
0.00040000 0.00041218 0.00042089
0.00080000 0.00081320 0.00073182
0.00120000 0.00073968 0.00067482
0.00160000 0.00085832 0.00076680
0.00200000 0.00144074 0.00121837
0.00240000 0.00223782 0.00183638
0.00280000 0.00273387 0.00222099
0.00320000 0.00307467 0.00248522
0.00360000 0.00343385 0.00276371
0.00400000 0.00404272 0.00323579
0.00440000 0.00483567 0.00385059
0.00480000 0.00569457 0.00451653
0.00520000 0.00618070 0.00489344
0.00560000 0.00674172 0.00532842
0.00600000 0.00709919 0.00560558
0.00640000 0.00692773 0.00547264
0.00680000 0.00702659 0.00554929
0.00720000 0.00695487 0.00549368
0.00760000 0.00746129 0.00588633
0.00800000 0.00796747 0.00627879
0.00840000 0.00845981 0.00666052
0.00880000 0.00836301 0.00658547
0.00920000 0.00858165 0.00675498
0.00960000 0.00923937 0.00726494
0.01000000 0.00983672 0.00772809
0.01040000 0.01028149 0.00807294
0.01080000 0.01076264 0.00844599
0.01120000 0.01101322 0.00864027
0.01160000 0.01117958 0.00876926
0.01200000 0.01156393 0.00906726
0.01240000 0.01172413 0.00919147
0.01280000 0.01268975 0.00994015
0.01320000 0.01322285 0.01035347
0.01360000 0.01340799 0.01049702
0.01400000 0.01360699 0.01065131
0.01440000 0.01379685 0.01079852
0.01480000 0.01437249 0.01124484
0.01520000 0.01484180 0.01160871
0.01560000 0.01552022 0.01213471
0.01600000 0.01588231 0.01241545
0.01640000 0.01626963 0.01271576
0.01680000 0.01648163 0.01288013
0.01720000 0.01672682 0.01307023
0.01760000 0.01692284 0.01322221
0.01800000 0.01765104 0.01378681
0.01840000 0.01818289 0.01419918
0.01880000 0.01863033 0.01454609
0.01920000 0.01907045 0.01488734
0.01960000 0.01949070 0.01521317
0.02000000 0.01976091 0.01542268
0.02040000 0.01996192 0.01557852
0.02080000 0.02017606 0.01574456
0.02120000 0.02084435 0.01626271
0.02160000 0.02132073 0.01663206
0.02200000 0.02185482 0.01704616
0.02240000 0.02222743 0.01733506
0.02280000 0.02244077 0.01750047
0.02320000 0.02291181 0.01786568
0.02360000 0.02320537 0.01809329
0.02400000 0.02346779 0.01829675
0.02440000 0.02419508 0.01886065
0.02480000 0.02475198 0.01929244
0.02520000 0.02522222 0.01965703
0.02560000 0.02532986 0.01974049
0.02600000 0.02563783 0.01997927
0.02640000 0.02589510 0.02017874
0.02680000 0.02639494 0.02056628
0.02720000 0.02697940 0.02101944
0.02760000 0.02748986 0.02141522
0.02800000 0.02783384 0.02168192
0.02840000 0.02803772 0.02183999
0.02880000 0.02874798 0.02239068
0.02920000 0.02910155 0.02266482
0.02960000 0.03003617 0.02338946
0.03000000 0.03069752 0.02390223
0.03040000 0.03151921 0.02453931
0.03080000 0.03171180 0.02468864
0.03120000 0.03195180 0.02487472
0.03160000 0.03212454 0.02500865
0.03200000 0.03216338 0.02503877
0.03240000 0.03240888 0.02522911
0.03280000 0.03274451 0.02548933
0.03320000 0.03315548 0.02580797
0.03360000 0.03340322 0.02600006
0.03400000 0.03353758 0.02610423
0.03440000 0.03398419 0.02645051
0.03480000 0.03443575 0.02680062
0.03520000 0.03488064 0.02714556
0.03560000 0.03563732 0.02773224
0.03600000 0.03681162 0.02864272
0.03640000 0.03702756 0.02881014
0.03680000 0.03724820 0.02898121
0.03720000 0.03752365 0.02919478
0.03760000 0.03796261 0.02953512
0.03800000 0.03830469 0.02980035
0.03840000 0.03828558 0.02978553
0.03880000 0.03861751 0.03004289
0.03920000 0.03887864 0.03024535
0.03960000 0.03907480 0.03039744
0.04000000 0.03957936 0.03078864
0.04040000 0.04013951 0.03122295
0.04080000 0.04066826 0.03163291
0.04120000 0.04105365 0.03193172
0.04160000 0.04148236 0.03226411
0.04200000 0.04179516 0.03250663
0.04240000 0.04186566 0.03256130
0.04280000 0.04237206 0.03295393
0.04320000 0.04304893 0.03347873
0.04360000 0.04338786 0.03374151
0.04400000 0.04395349 0.03418007
0.04440000 0.04419674 0.03436867
0.04480000 0.04461628 0.03469395
0.04520000 0.04486958 0.03489035
0.04560000 0.04521319 0.03515676
0.04600000 0.04572033 0.03554996
0.04640000 0.04655172 0.03619457
0.04680000 0.04670181 0.03631094
0.04720000 0.04707258 0.03659841
0.04760000 0.04735495 0.03681735
0.04800000 0.04759032 0.03699984
0.04840000 0.04805252 0.03735820
0.04880000 0.04852161 0.03772190
0.04920000 0.04890673 0.03802049
0.04960000 0.04948246 0.03846688
0.05000000 0.04944339 0.03843659
0.05040000 0.05006428 0.03891799
0.05080000 0.05042028 0.03919401
0.05120000 0.05099291 0.03963799
0.05160000 0.05142339 0.03997175
0.05200000 0.05187188 0.04031948
0.05240000 0.05211417 0.04050734
0.05280000 0.05240194 0.04073046
0.05320000 0.05287452 0.04109687
0.05360000 0.05339758 0.04150242
0.05400000 0.05381475 0.04182586
0.05440000 0.05396793 0.04194463
0.05480000 0.05457198 0.04241297
0.05520000 0.05499610 0.04274181
0.05560000 0.05526840 0.04295293
0.05600000 0.05550543 0.04313671
0.05640000 0.05611189 0.04360692
0.05680000 0.05663808 0.04401490
0.05720000 0.05691324 0.04422824
0.05760000 0.05742883 0.04462799
0.05800000 0.05783436 0.04494242
0.05840000 0.05816299 0.04519721
0.05880000 0.05852257 0.04547601
0.05920000 0.05897009 0.04582299
0.05960000 0.05936665 0.04613046
0.06000000 0.05983235 0.04649153
0.06040000 0.06014181 0.04673147
0.06080000 0.06056080 0.04705633
0.06120000 0.06094932 0.04735756
0.06160000 0.06137777 0.04768975
0.06200000 0.06162257 0.04787956
0.06240000 0.06213825 0.04827938
0.06280000 0.06268146 0.04870055
0.06320000 0.06295978 0.04891634
0.06360000 0.06334640 0.04921610
0.06400000 0.06375041 0.04952935
0.06440000 0.06408932 0.04979212
0.06480000 0.06455980 0.05015689
0.06520000 0.06494921 0.05045882
0.06560000 0.06542308 0.05082622
0.06600000 0.06582266 0.05113604
0.06640000 0.06599919 0.05127290
0.06680000 0.06633636 0.05153433
0.06720000 0.06698401 0.05203648
0.06760000 0.06746184 0.05240696
0.06800000 0.06779865 0.05266810
0.06840000 0.06816655 0.05295334
0.06880000 0.06860959 0.05329685
0.06920000 0.06869621 0.05336401
0.06960000 0.06931486 0.05384367
0.07000000 0.06959893 0.05406392
0.07040000 0.07036461 0.05465757
0.07080000 0.07083770 0.05502438
0.07120000 0.07101194 0.05515947
0.07160000 0.07127832 0.05536601
0.07200000 0.07165091 0.05565489
0.07240000 0.07207715 0.05598537
0.07280000 0.07258203 0.05637682
0.07320000 0.07303080 0.05672477
0.07360000 0.07349171 0.05708214
0.07400000 0.07396249 0.05744714
0.07440000 0.07456221 0.05791213
0.07480000 0.07515563 0.05837223
0.07520000 0.07563624 0.05874487
0.07560000 0.07604987 0.05906557
0.07600000 0.07628312 0.05924641
0.07640000 0.07652988 0.05943774
0.07680000 0.07658709 0.05948209
0.07720000 0.07686040 0.05969400
0.07760000 0.07723177 0.05998194
0.07800000 0.07771235 0.06035455
0.07840000 0.07821006 0.06074044
0.07880000 0.07857359 0.06102230
0.07920000 0.07906036 0.06139971
0.07960000 0.07967073 0.06187295
0.08000000 0.08014200 0.06223835
0.08040000 0.08073117 0.06269515
0.08080000 0.08111180 0.06299027
0.08120000 0.08155084 0.06333067
0.08160000 0.08168688 0.06343615
0.08200000 0.08173841 0.06347610
0.08240000 0.08207411 0.06373638
0.08280000 0.08248732 0.06405676
0.08320000 0.08283849 0.06432904
0.08360000 0.08337157 0.06474235
0.08400000 0.08382722 0.06509563
0.08440000 0.08431870 0.06547670
0.08480000 0.08474476 0.06580703
0.08520000 0.08495291 0.06596842
0.08560000 0.08532236 0.06625487
0.08600000 0.08571930 0.06656263
0.08640000 0.08627162 0.06699087
0.08680000 0.08667758 0.06730562
0.08720000 0.08701274 0.06756548
0.08760000 0.08729610 0.06778518
0.08800000 0.08776139 0.06814594
0.08840000 0.08815328 0.06844979
0.08880000 0.08874945 0.06891202
0.08920000 0.08921211 0.06927074
0.08960000 0.08938931 0.06940813
0.09000000 0.08988664 0.06979372
0.09040000 0.09001007 0.06988942
0.09080000 0.09043626 0.07021986
0.09120000 0.09092112 0.07059579
0.09160000 0.09134613 0.07092532
0.09200000 0.09202638 0.07145274
0.09240000 0.09285783 0.07209740
0.09280000 0.09305618 0.07225118
0.09320000 0.09385386 0.07286965
0.09360000 0.09418025 0.07312272
0.09400000 0.09422316 0.07315599
0.09440000 0.09440489 0.07329688
0.09480000 0.09472813 0.07354750
0.09520000 0.09506990 0.07381249
0.09560000 0.09544246 0.07410136
0.09600000 0.09574654 0.07433711
0.09640000 0.09613340 0.07463706
0.09680000 0.09658446 0.07498678
0.09720000 0.09710411 0.07538969
0.09760000 0.09744849 0.07565670
0.09800000 0.09769676 0.07584919
0.09840000 0.09817090 0.07621681
0.09880000 0.09852306 0.07648985
0.09920000 0.09890412 0.07678530
0.09960000 0.09931626 0.07710485
0.10000000 0.09981575 0.07749213
0.10040000 0.10026270 0.07783866
0.10080000 0.10084153 0.07828745
0.10120000 0.10141285 0.07873042
0.10160000 0.10224242 0.07937361
0.10200000 0.10283503 0.07983308
0.10240000 0.10319491 0.08011211
0.10280000 0.10338052 0.08025602
0.10320000 0.10324137 0.08014814
0.10360000 0.10333924 0.08022402
0.10400000 0.10361154 0.08043514
0.10440000 0.10409677 0.08081136
0.10480000 0.10476523 0.08132964
0.10520000 0.10492351 0.08145236
0.10560000 0.10567782 0.08203720
0.10600000 0.10615439 0.08240670
0.10640000 0.10639091 0.08259009
0.10680000 0.10673676 0.08285824
0.10720000 0.10723273 0.08324278
0.10760000 0.10777940 0.08366663
0.10800000 0.10785807 0.08372763
0.10840000 0.10807976 0.08389952
0.10880000 0.10849813 0.08422389
0.10920000 0.10899805 0.08461149
0.10960000 0.10934594 0.08488123
0.11000000 0.10964625 0.08511407
0.11040000 0.11023044 0.08556701
0.11080000 0.11072718 0.08595215
0.11120000 0.11104166 0.08619599
0.11160000 0.11131933 0.08641127
0.11200000 0.11168244 0.08669281
0.11240000 0.11214915 0.08705466
0.11280000 0.11260414 0.08740743
0.11320000 0.11305228 0.08775489
0.11360000 0.11331235 0.08795653
0.11400000 0.11424627 0.08868064
0.11440000 0.11424515 0.08867977
0.11480000 0.11459892 0.08895406
0.11520000 0.11489352 0.08918247
0.11560000 0.11543354 0.08960117
0.11600000 0.11593819 0.08999244
0.11640000 0.11624310 0.09022885
0.11680000 0.11657590 0.09048689
0.11720000 0.11681378 0.09067132
0.11760000 0.11733435 0.09107494
0.11800000 0.11774899 0.09139642
0.11840000 0.11830216 0.09182531
0.11880000 0.11869085 0.09212668
0.11920000 0.11894873 0.09232662
0.11960000 0.11911390 0.09245469
0.12000000 0.11963267 0.09285690
0.12040000 0.12023157 0.09332126
0.12080000 0.12065726 0.09365131
0.12120000 0.12105033 0.09395607
0.12160000 0.12137525 0.09420799
0.12200000 0.12175515 0.09450254
0.12240000 0.12216949 0.09482380
0.12280000 0.12251743 0.09509357
0.12320000 0.12303106 0.09549180
0.12360000 0.12343653 0.09580618
0.12400000 0.12385114 0.09612764
0.12440000 0.12417931 0.09638208
0.12480000 0.12451750 0.09664429
0.12520000 0.12503676 0.09704690
0.12560000 0.12529194 0.09724474
0.12600000 0.12566193 0.09753161
0.12640000 0.12599723 0.09779158
0.12680000 0.12660670 0.09826413
0.12720000 0.12702541 0.09858877
0.12760000 0.12736983 0.09885581
0.12800000 0.12769489 0.09910784
0.12840000 0.12813430 0.09944854
0.12880000 0.12858611 0.09979884
0.12920000 0.12895067 0.10008149
0.12960000 0.12935670 0.10039630
0.13000000 0.12992391 0.10083609
0.13040000 0.13022471 0.10106930
0.13080000 0.13045680 0.10124925
0.13120000 0.13089824 0.10159152
0.13160000 0.13140126 0.10198153
0.13200000 0.13198129 0.10243125
0.13240000 0.13221309 0.10261097
0.13280000 0.13258401 0.10289855
0.13320000 0.13292281 0.10316124
0.13360000 0.13331487 0.10346522
0.13400000 0.13382905 0.10386388
0.13440000 0.13449880 0.10438316
0.13480000 0.13461534 0.10447352
0.13520000 0.13477121 0.10459437
0.13560000 0.13537865 0.10506534
0.13600000 0.13577583 0.10537329
0.13640000 0.13619725 0.10570003
0.13680000 0.13665050 0.10605146
0.13720000 0.13713729 0.10642888
0.13760000 0.13738679 0.10662233
0.13800000 0.13768304 0.10685202
0.13840000 0.13814165 0.10720760
0.13880000 0.13869894 0.10763969
0.13920000 0.13901256 0.10788284
0.13960000 0.13915235 0.10799123
0.14000000 0.13969421 0.10841135
0.14040000 0.14015068 0.10876527
0.14080000 0.14054153 0.10906831
0.14120000 0.14100631 0.10942867
0.14160000 0.14137452 0.10971416
0.14200000 0.14183057 0.11006775
0.14240000 0.14205171 0.11023921
0.14280000 0.14228861 0.11042288
0.14320000 0.14292761 0.11091833
0.14360000 0.14362194 0.11145667
0.14400000 0.14386374 0.11164414
0.14440000 0.14421668 0.11191779
0.14480000 0.14464678 0.11225127
0.14520000 0.14504728 0.11256179
0.14560000 0.14536073 0.11280481
0.14600000 0.14581362 0.11315596
0.14640000 0.14621792 0.11346943
0.14680000 0.14649626 0.11368523
0.14720000 0.14687170 0.11397633
0.14760000 0.14732870 0.11433065
0.14800000 0.14819938 0.11500573
0.14840000 0.14803310 0.11487680
0.14880000 0.14849569 0.11523547
0.14920000 0.14886656 0.11552301
0.14960000 0.14975675 0.11621321
0.15000000 0.14974952 0.11620761
0.15040000 0.15010512 0.11648331
0.15080000 0.15066839 0.11692004
0.15120000 0.15095860 0.11714505
0.15160000 0.15129940 0.11740928
0.15200000 0.15176910 0.11777346
0.15240000 0.15220101 0.11810833
0.15280000 0.15268245 0.11848162
0.15320000 0.15299568 0.11872447
0.15360000 0.15332662 0.11898106
0.15400000 0.15378276 0.11933472
0.15440000 0.15422217 0.11967542
0.15480000 0.15456265 0.11993940
0.15520000 0.15491640 0.12021368
0.15560000 0.15534648 0.12054713
0.15600000 0.15575080 0.12086062
0.15640000 0.15623598 0.12123680
0.15680000 0.15662236 0.12153637
0.15720000 0.15699685 0.12182673
0.15760000 0.15729120 0.12205494
0.15800000 0.15762703 0.12231533
0.15840000 0.15809130 0.12267529
0.15880000 0.15860436 0.12307309
0.15920000 0.15925864 0.12358038
0.15960000 0.15940158 0.12369120
0.16000000 0.15978623 0.12398944
0.16040000 0.16008263 0.12421924
0.16080000 0.16048826 0.12453374
0.16120000 0.16084962 0.12481392
0.16160000 0.16143075 0.12526449
0.16200000 0.16188518 0.12561682
0.16240000 0.16228616 0.12592772
0.16280000 0.16274583 0.12628412
0.16320000 0.16307931 0.12654268
0.16360000 0.16341894 0.12680601
0.16400000 0.16415648 0.12737785
0.16440000 0.16442952 0.12758955
0.16480000 0.16455184 0.12768438
0.16520000 0.16484203 0.12790938
0.16560000 0.16533936 0.12829498
0.16600000 0.16569377 0.12856976
0.16640000 0.16612819 0.12890658
0.16680000 0.16639536 0.12911373
0.16720000 0.16730317 0.12981759
0.16760000 0.16785242 0.13024344
0.16800000 0.16784538 0.13023799
0.16840000 0.16848360 0.13073282
0.16880000 0.16861822 0.13083720
0.16920000 0.16912433 0.13122961
0.16960000 0.16940172 0.13144468
0.17000000 0.16970612 0.13168069
0.17040000 0.17001199 0.13191784
0.17080000 0.17062292 0.13239152
0.17120000 0.17125570 0.13288213
0.17160000 0.17152122 0.13308800
0.17200000 0.17157354 0.13312856
0.17240000 0.17218717 0.13360434
0.17280000 0.17244860 0.13380703
0.17320000 0.17282681 0.13410027
0.17360000 0.17335368 0.13450877
0.17400000 0.17386149 0.13490250
0.17440000 0.17424093 0.13519669
0.17480000 0.17447348 0.13537699
0.17520000 0.17564342 0.13628409
0.17560000 0.17500007 0.13578528
0.17600000 0.17564526 0.13628552
0.17640000 0.17610870 0.13664484
0.17680000 0.17657852 0.13700911
0.17720000 0.17713591 0.13744128
0.17760000 0.17730503 0.13757240
0.17800000 0.17778049 0.13794104
0.17840000 0.17815470 0.13823118
0.17880000 0.17881801 0.13874547
0.17920000 0.17912721 0.13898520
0.17960000 0.17924929 0.13907986
0.18000000 0.17964765 0.13938872
0.18040000 0.18008794 0.13973009
0.18080000 0.18058838 0.14011810
0.18120000 0.18102556 0.14045706
0.18160000 0.18158723 0.14089255
0.18200000 0.18188942 0.14112685
0.18240000 0.18209018 0.14128250
0.18280000 0.18237491 0.14150326
0.18320000 0.18280439 0.14183625
0.18360000 0.18345866 0.14234353
0.18400000 0.18393069 0.14270952
0.18440000 0.18419118 0.14291149
0.18480000 0.18454461 0.14318551
0.18520000 0.18485487 0.14342607
0.18560000 0.18523727 0.14372256
0.18600000 0.18549352 0.14392124
0.18640000 0.18626322 0.14451801
0.18680000 0.18684781 0.14497127
0.18720000 0.18700795 0.14509543
0.18760000 0.18735150 0.14536180
0.18800000 0.18767966 0.14561623
0.18840000 0.18803359 0.14589065
0.18880000 0.18845898 0.14622047
0.18920000 0.18889445 0.14655811
0.18960000 0.18944494 0.14698492
0.19000000 0.18982854 0.14728234
0.19040000 0.19013167 0.14751737
0.19080000 0.19054322 0.14783645
0.19120000 0.19108157 0.14825385
0.19160000 0.19130805 0.14842945
0.19200000 0.19154527 0.14861338
0.19240000 0.19203224 0.14899095
0.19280000 0.19249924 0.14935303
0.19320000 0.19295839 0.14970902
0.19360000 0.19343866 0.15008139
0.19400000 0.19390346 0.15044177
0.19440000 0.19410193 0.15059565
0.19480000 0.19352105 0.15014528
0.19520000 0.19124584 0.14838123
0.19560000 0.19127449 0.14840343
0.19600000 0.19187133 0.14886619
0.19640000 0.19254660 0.14938975
0.19680000 0.19304609 0.14977702
0.19720000 0.19337028 0.15002838
0.19760000 0.19378828 0.15035247
0.19800000 0.19397054 0.15049378
0.19840000 0.19400280 0.15051879
0.19880000 0.19450257 0.15090628
0.19920000 0.19478736 0.15112709
0.19960000 0.19554547 0.15171488
0.20000000 0.19619364 0.15221743
0.20040000 0.19658410 0.15252017
0.20080000 0.19695866 0.15281058
0.20120000 0.19723232 0.15302276
0.20160000 0.19742030 0.15316851
0.20200000 0.19773311 0.15341104
0.20240000 0.19810792 0.15370165
0.20280000 0.19844258 0.15396112
0.20320000 0.19903713 0.15442210
0.20360000 0.19960480 0.15486223
0.20400000 0.20018662 0.15531333
0.20440000 0.20057822 0.15561696
0.20480000 0.20085828 0.15583410
0.20520000 0.20107216 0.15599993
0.20560000 0.20123495 0.15612614
0.20600000 0.20170943 0.15649402
0.20640000 0.20213180 0.15682151
0.20680000 0.20284261 0.15737262
0.20720000 0.20345703 0.15784900
0.20760000 0.20380743 0.15812068
0.20800000 0.20401688 0.15828308
0.20840000 0.20403497 0.15829710
0.20880000 0.20456744 0.15870995
0.20920000 0.20483647 0.15891854
0.20960000 0.20527401 0.15925777
0.21000000 0.20584493 0.15970043
0.21040000 0.20628433 0.16004112
0.21080000 0.20685192 0.16048119
0.21120000 0.20737789 0.16088899
0.21160000 0.20753408 0.16101009
0.21200000 0.20789488 0.16128983
0.21240000 0.20833524 0.16163126
0.21280000 0.20866635 0.16188798
0.21320000 0.20891724 0.16208250
0.21360000 0.20931393 0.16239008
0.21400000 0.21000415 0.16292522
0.21440000 0.21060214 0.16338887
0.21480000 0.21104246 0.16373027
0.21520000 0.21101870 0.16371184
0.21560000 0.21147595 0.16406637
0.21600000 0.21176920 0.16429374
0.21640000 0.21201458 0.16448399
0.21680000 0.21258665 0.16492753
0.21720000 0.21316006 0.16537212
0.21760000 0.21366123 0.16576070
0.21800000 0.21406030 0.16607011
0.21840000 0.21431046 0.16626407
0.21880000 0.21424173 0.16621078
0.21920000 0.21504356 0.16683247
0.21960000 0.21547369 0.16716596
0.22000000 0.21566487 0.16731419
0.22040000 0.21622406 0.16774775
0.22080000 0.21676989 0.16817095
0.22120000 0.21725179 0.16854459
0.22160000 0.21754134 0.16876909
0.22200000 0.21781897 0.16898434
0.22240000 0.21804211 0.16915735
0.22280000 0.21842990 0.16945802
0.22320000 0.21885388 0.16978675
0.22360000 0.21934671 0.17016886
0.22400000 0.21986445 0.17057028
0.22440000 0.22031989 0.17092340
0.22480000 0.22057919 0.17112444
0.22520000 0.22105266 0.17149154
0.22560000 0.22125362 0.17164735
0.22600000 0.22157897 0.17189961
0.22640000 0.22201018 0.17223394
0.22680000 0.22233882 0.17248875
0.22720000 0.22290231 0.17292564
0.22760000 0.22350691 0.17339441
0.22800000 0.22391055 0.17370737
0.22840000 0.22423091 0.17395575
0.22880000 0.22476040 0.17436629
0.22920000 0.22496595 0.17452566
0.22960000 0.22521924 0.17472205
0.23000000 0.22550174 0.17494108
0.23040000 0.22594469 0.17528451
0.23080000 0.22677023 0.17592458
0.23120000 0.22730937 0.17634260
0.23160000 0.22751423 0.17650144
0.23200000 0.22766097 0.17661521
0.23240000 0.22787771 0.17678326
0.23280000 0.22838240 0.17717455
0.23320000 0.22873509 0.17744801
0.23360000 0.22928919 0.17787763
0.23400000 0.22974248 0.17822908
0.23440000 0.23027146 0.17863921
0.23480000 0.23074232 0.17900429
0.23520000 0.23097532 0.17918494
0.23560000 0.23126761 0.17941156
0.23600000 0.23159797 0.17966770
0.23640000 0.23204146 0.18001156
0.23680000 0.23234009 0.18024310
0.23720000 0.23274665 0.18055832
0.23760000 0.23315325 0.18087357
0.23800000 0.23386492 0.18142535
0.23840000 0.23424439 0.18171957
0.23880000 0.23456539 0.18196846
0.23920000 0.23489224 0.18222187
0.23960000 0.23523926 0.18249093
0.24000000 0.23556974 0.18274717
0.24040000 0.23577473 0.18290610
0.24080000 0.23638755 0.18338124
0.24120000 0.23678741 0.18369127
0.24160000 0.23719796 0.18400959
0.24200000 0.23776840 0.18445187
0.24240000 0.23821368 0.18479711
0.24280000 0.23850375 0.18502201
0.24320000 0.23866032 0.18514340
0.24360000 0.23910314 0.18548674
0.24400000 0.23973365 0.18597559
0.24440000 0.24011087 0.18626807
0.24480000 0.24044711 0.18652877
0.24520000 0.24074708 0.18676135
0.24560000 0.24124738 0.18714925
0.24600000 0.24161754 0.18743624
0.24640000 0.24183367 0.18760382
0.24680000 0.24222296 0.18790565
0.24720000 0.24274071 0.18830708
0.24760000 0.24327355 0.18872021
0.24800000 0.24371425 0.18906190
0.24840000 0.24410422 0.18936426
0.24880000 0.24439805 0.18959208
0.24920000 0.24471535 0.18983809
0.24960000 0.24482832 0.18992568
0.25000000 0.24539518 0.19036519
0.25040000 0.24585910 0.19072489
0.25080000 0.24666577 0.19135032
0.25120000 0.24712884 0.19170936
0.25160000 0.24750634 0.19200205
0.25200000 0.24750007 0.19199719
0.25240000 0.24768996 0.19214441
0.25280000 0.24822143 0.19255648
0.25320000 0.24864732 0.19288669
0.25360000 0.24904173 0.19319249
0.25400000 0.24942732 0.19349146
0.25440000 0.25007840 0.19399626
0.25480000 0.25051149 0.19433205
0.25520000 0.25086876 0.19460905
0.25560000 0.25117182 0.19484403
0.25600000 0.25143526 0.19504828
0.25640000 0.25174428 0.19528788
0.25680000 0.25211291 0.19557369
0.25720000 0.25284148 0.19613858
0.25760000 0.25349276 0.19664354
0.25800000 0.25395230 0.19699984
0.25840000 0.25424505 0.19722681
0.25880000 0.25421422 0.19720291
0.25920000 0.25451815 0.19743856
0.25960000 0.25460886 0.19750889
0.26000000 0.25528035 0.19802952
0.26040000 0.25591585 0.19852225
0.26080000 0.25658291 0.19903944
0.26120000 0.25704696 0.19939924
0.26160000 0.25714991 0.19947906
0.26200000 0.25729862 0.19959436
0.26240000 0.25754882 0.19978835
0.26280000 0.25804364 0.20017200
0.26320000 0.25845609 0.20049179
0.26360000 0.25904183 0.20094593
0.26400000 0.25971551 0.20146826
0.26440000 0.26021439 0.20185507
0.26480000 0.26060019 0.20215419
0.26520000 0.26058497 0.20214239
0.26560000 0.26079004 0.20230138
0.26600000 0.26120118 0.20262016
0.26640000 0.26197274 0.20321838
0.26680000 0.26248652 0.20361673
0.26720000 0.26296193 0.20398533
0.26760000 0.26311115 0.20410103
0.26800000 0.26331385 0.20425819
0.26840000 0.26368322 0.20454458
0.26880000 0.26405134 0.20482999
0.26920000 0.26450226 0.20517961
0.26960000 0.26495706 0.20553223
0.27000000 0.26540659 0.20588077
0.27040000 0.26584775 0.20622282
0.27080000 0.26620172 0.20649726
0.27120000 0.26651730 0.20674194
0.27160000 0.26696417 0.20708842
0.27200000 0.26739982 0.20742619
0.27240000 0.26756562 0.20755474
0.27280000 0.26794570 0.20784943
0.27320000 0.26841120 0.20821035
0.27360000 0.26912097 0.20876066
0.27400000 0.26959235 0.20912614
0.27440000 0.27014442 0.20955418
0.27480000 0.27030468 0.20967844
0.27520000 0.27049216 0.20982380
0.27560000 0.27082699 0.21008340
0.27600000 0.27109830 0.21029376
0.27640000 0.27165249 0.21072345
0.27680000 0.27213104 0.21109448
0.27720000 0.27258214 0.21144423
0.27760000 0.27303047 0.21179184
0.27800000 0.27328768 0.21199127
0.27840000 0.27367696 0.21229309
0.27880000 0.27403060 0.21256728
0.27920000 0.27444441 0.21288812
0.27960000 0.27481395 0.21317464
0.28000000 0.27522692 0.21349483
0.28040000 0.27552798 0.21372825
0.28080000 0.27595384 0.21405843
0.28120000 0.27645287 0.21444535
0.28160000 0.27690465 0.21479564
0.28200000 0.27739382 0.21517491
0.28240000 0.27777783 0.21547265
0.28280000 0.27798501 0.21563327
0.28320000 0.27824316 0.21583343
0.28360000 0.27864634 0.21614603
0.28400000 0.27932483 0.21667208
0.28440000 0.27978690 0.21703035
0.28480000 0.28005907 0.21724137
0.28520000 0.28047707 0.21756546
0.28560000 0.28089456 0.21788916
0.28600000 0.28118903 0.21811747
0.28640000 0.28142925 0.21830373
0.28680000 0.28184405 0.21862533
0.28720000 0.28234569 0.21901427
0.28760000 0.28284395 0.21940059
0.28800000 0.28324327 0.21971020
0.28840000 0.28356206 0.21995737
0.28880000 0.28400988 0.22030458
0.28920000 0.28439147 0.22060044
0.28960000 0.28497727 0.22105463
0.29000000 0.28545363 0.22142397
0.29040000 0.28574006 0.22164605
0.29080000 0.28598337 0.22183470
0.29120000 0.28626978 0.22205676
0.29160000 0.28668733 0.22238050
0.29200000 0.28701237 0.22263252
0.29240000 0.28747858 0.22299399
0.29280000 0.28809894 0.22347498
0.29320000 0.28859335 0.22385831
0.29360000 0.28901972 0.22418889
0.29400000 0.28915848 0.22429648
0.29440000 0.28935749 0.22445078
0.29480000 0.28979425 0.22478941
0.29520000 0.29027543 0.22516249
0.29560000 0.29074303 0.22552504
0.29600000 0.29116238 0.22585017
0.29640000 0.29163759 0.22621862
0.29680000 0.29206843 0.22655267
0.29720000 0.29236207 0.22678034
0.29760000 0.29248524 0.22687584
0.29800000 0.29291404 0.22720830
0.29840000 0.29327725 0.22748991
0.29880000 0.29370209 0.22781930
0.29920000 0.29417079 0.22818271
0.29960000 0.29476789 0.22864566
0.30000000 0.29526349 0.22902992
0.30040000 0.29559548 0.22928732
0.30080000 0.29585675 0.22948989
0.30120000 0.29615749 0.22972307
0.30160000 0.29652097 0.23000488
0.30200000 0.29678567 0.23021012
0.30240000 0.29730792 0.23061504
0.30280000 0.29783861 0.23102650
0.30320000 0.29843142 0.23148613
0.30360000 0.29884966 0.23181040
0.30400000 0.29929957 0.23215923
0.30440000 0.29954233 0.23234746
0.30480000 0.29995329 0.23266609
0.30520000 0.30031411 0.23294584
0.30560000 0.30040920 0.23301957
0.30600000 0.30051964 0.23310520
0.30640000 0.30083360 0.23334863
0.30680000 0.30163818 0.23397245
0.30720000 0.30215355 0.23437203
0.30760000 0.30285826 0.23491842
0.30800000 0.30334070 0.23529247
0.30840000 0.30371489 0.23558259
0.30880000 0.30395085 0.23576555
0.30920000 0.30406657 0.23585527
0.30960000 0.30430349 0.23603895
0.31000000 0.30454801 0.23622854
0.31040000 0.30490934 0.23650870
0.31080000 0.30551395 0.23697747
0.31120000 0.30591185 0.23728598
0.31160000 0.30652260 0.23775952
0.31200000 0.30715152 0.23824714
0.31240000 0.30767954 0.23865653
0.31280000 0.30795461 0.23886981
0.31320000 0.30838725 0.23920525
0.31360000 0.30848407 0.23928031
0.31400000 0.30853642 0.23932090
0.31440000 0.30897060 0.23965754
0.31480000 0.30950582 0.24007252
0.31520000 0.31035877 0.24073384
0.31560000 0.31082236 0.24109327
0.31600000 0.31117522 0.24136686
0.31640000 0.31144646 0.24157716
0.31680000 0.31179124 0.24184449
0.31720000 0.31207615 0.24206539
0.31760000 0.31255968 0.24244028
0.31800000 0.31293469 0.24273105
0.31840000 0.31297413 0.24276162
0.31880000 0.31322306 0.24295463
0.31920000 0.31380248 0.24340388
0.31960000 0.31434301 0.24382296
0.32000000 0.31494515 0.24428983
0.32040000 0.31551262 0.24472981
0.32080000 0.31612973 0.24520828
0.32120000 0.31653751 0.24552445
0.32160000 0.31659458 0.24556869
0.32200000 0.31668465 0.24563852
0.32240000 0.31682066 0.24574398
0.32280000 0.31732424 0.24613442
0.32320000 0.31793640 0.24660905
0.32360000 0.31846614 0.24701978
0.32400000 0.31898135 0.24741924
0.32440000 0.31931181 0.24767546
0.32480000 0.31981167 0.24806302
0.32520000 0.32014274 0.24831971
0.32560000 0.32034780 0.24847870
0.32600000 0.32073921 0.24878217
0.32640000 0.32110589 0.24906647
0.32680000 0.32141370 0.24930513
0.32720000 0.32183078 0.24962851
0.32760000 0.32225404 0.24995668
0.32800000 0.32268204 0.25028852
0.32840000 0.32345030 0.25088418
0.32880000 0.32389305 0.25122746
0.32920000 0.32427681 0.25152501
0.32960000 0.32452321 0.25171605
0.33000000 0.32472908 0.25187567
0.33040000 0.32515278 0.25220418
0.33080000 0.32534802 0.25235555
0.33120000 0.32568187 0.25261440
0.33160000 0.32633568 0.25312132
0.33200000 0.32685960 0.25352754
0.33240000 0.32732353 0.25388724
0.33280000 0.32779677 0.25425416
0.33320000 0.32816603 0.25454046
0.33360000 0.32849437 0.25479503
0.33400000 0.32866617 0.25492824
0.33440000 0.32878562 0.25502085
0.33480000 0.32914016 0.25529574
0.33520000 0.32961925 0.25566719
0.33560000 0.33031403 0.25620589
0.33600000 0.33099150 0.25673115
0.33640000 0.33134147 0.25700250
0.33680000 0.33197296 0.25749211
0.33720000 0.33196477 0.25748577
0.33760000 0.33227027 0.25772263
0.33800000 0.33255674 0.25794474
0.33840000 0.33292889 0.25823328
0.33880000 0.33318350 0.25843069
0.33920000 0.33353428 0.25870266
0.33960000 0.33433951 0.25932698
0.34000000 0.33484454 0.25971855
0.34040000 0.33519626 0.25999126
0.34080000 0.33567758 0.26036444
0.34120000 0.33608639 0.26068140
0.34160000 0.33640998 0.26093230
0.34200000 0.33639304 0.26091916
0.34240000 0.33643632 0.26095272
0.34280000 0.33693386 0.26133848
0.34320000 0.33756698 0.26182936
0.34360000 0.33813876 0.26227269
0.34400000 0.33874188 0.26274030
0.34440000 0.33921137 0.26310432
0.34480000 0.33977776 0.26354346
0.34520000 0.34000340 0.26371841
0.34560000 0.34056574 0.26415441
0.34600000 0.34045954 0.26407207
0.34640000 0.34051617 0.26411597
0.34680000 0.34091780 0.26442737
0.34720000 0.34109792 0.26456703
0.34760000 0.34228150 0.26548470
0.34800000 0.34322460 0.26621592
0.34840000 0.34321099 0.26620537
0.34880000 0.34363343 0.26653290
0.34920000 0.34398558 0.26680594
0.34960000 0.34383459 0.26668887
0.35000000 0.34417690 0.26695427
0.35040000 0.34456828 0.26725773
0.35080000 0.34492450 0.26753392
0.35120000 0.34579813 0.26821127
0.35160000 0.34639392 0.26867321
0.35200000 0.34681406 0.26899896
0.35240000 0.34731832 0.26938993
0.35280000 0.34762193 0.26962533
0.35320000 0.34788136 0.26982648
0.35360000 0.34784654 0.26979948
0.35400000 0.34807289 0.26997498
0.35440000 0.34819927 0.27007296
0.35480000 0.34875325 0.27050249
0.35520000 0.34947509 0.27106215
0.35560000 0.35011574 0.27155888
0.35600000 0.35068595 0.27200097
0.35640000 0.35117843 0.27238282
0.35680000 0.35163632 0.27273784
0.35720000 0.35190039 0.27294258
0.35760000 0.35214218 0.27313004
0.35800000 0.35236405 0.27330207
0.35840000 0.35247061 0.27338469
0.35880000 0.35293909 0.27374792
0.35920000 0.35334845 0.27406531
0.35960000 0.35379433 0.27441102
0.36000000 0.35440946 0.27488795
0.36040000 0.35491999 0.27528379
0.36080000 0.35555378 0.27577519
0.36120000 0.35602945 0.27614399
0.36160000 0.35631313 0.27636394
0.36200000 0.35685463 0.27678378
0.36240000 0.35683039 0.27676499
0.36280000 0.35668225 0.27665013
0.36320000 0.35703209 0.27692137
0.36360000 0.35752074 0.27730024
0.36400000 0.35806736 0.27772406
0.36440000 0.35889423 0.27836516
0.36480000 0.35956048 0.27888173
0.36520000 0.35988103 0.27913026
0.36560000 0.36028942 0.27944690
0.36600000 0.36065888 0.27973336
0.36640000 0.36092303 0.27993816
0.36680000 0.36084217 0.27987546
0.36720000 0.36093821 0.27994993
0.36760000 0.36147728 0.28036789
0.36800000 0.36217365 0.28090782
0.36840000 0.36290180 0.28147237
0.36880000 0.36352895 0.28195862
0.36920000 0.36387801 0.28222927
0.36960000 0.36446674 0.28268573
0.37000000 0.36446849 0.28268709
0.37040000 0.36457503 0.28276969
0.37080000 0.36466115 0.28283647
0.37120000 0.36497756 0.28308179
0.37160000 0.36550817 0.28349319
0.37200000 0.36616092 0.28399929
0.37240000 0.36668115 0.28440264
0.37280000 0.36736972 0.28493652
0.37320000 0.36785136 0.28530995
0.37360000 0.36815037 0.28554178
0.37400000 0.36837239 0.28571392
0.37440000 0.36841854 0.28574971
0.37480000 0.36859017 0.28588277
0.37520000 0.36896425 0.28617281
0.37560000 0.36942982 0.28653379
0.37600000 0.37037744 0.28726851
0.37640000 0.37106476 0.28780142
0.37680000 0.37139851 0.28806019
0.37720000 0.37181201 0.28838078
0.37760000 0.37206488 0.28857685
0.37800000 0.37224389 0.28871564
0.37840000 0.37235296 0.28880021
0.37880000 0.37259311 0.28898640
0.37920000 0.37309650 0.28937670
0.37960000 0.37359926 0.28976651
0.38000000 0.37407554 0.29013578
0.38040000 0.37466007 0.29058899
0.38080000 0.37513746 0.29095913
0.38120000 0.37564445 0.29135222
0.38160000 0.37609967 0.29170516
0.38200000 0.37641598 0.29195041
0.38240000 0.37663171 0.29211768
0.38280000 0.37690578 0.29233017
0.38320000 0.37698933 0.29239495
0.38360000 0.37732114 0.29265221
0.38400000 0.37782905 0.29304601
0.38440000 0.37850091 0.29356693
0.38480000 0.37895825 0.29392153
0.38520000 0.37940371 0.29426691
0.38560000 0.38007651 0.29478855
0.38600000 0.38054171 0.29514924
0.38640000 0.38083302 0.29537510
0.38680000 0.38109972 0.29558189
0.38720000 0.38138411 0.29580239
0.38760000 0.38165612 0.29601329
0.38800000 0.38197508 0.29626059
0.38840000 0.38230204 0.29651409
0.38880000 0.38278930 0.29689188
0.38920000 0.38317781 0.29719311
0.38960000 0.38359758 0.29751857
0.39000000 0.38409155 0.29790157
0.39040000 0.38454884 0.29825612
0.39080000 0.38508951 0.29867532
0.39120000 0.38569073 0.29914146
0.39160000 0.38584168 0.29925850
0.39200000 0.38600578 0.29938573
0.39240000 0.38625851 0.29958169
0.39280000 0.38645470 0.29973380
0.39320000 0.38694237 0.30011191
0.39360000 0.38733205 0.30041404
0.39400000 0.38778649 0.30076639
0.39440000 0.38826411 0.30113670
0.39480000 0.38872512 0.30149414
0.39520000 0.38913964 0.30181553
0.39560000 0.38976550 0.30230078
0.39600000 0.39026818 0.30269053
0.39640000 0.39067304 0.30300443
0.39680000 0.39099480 0.30325391
0.39720000 0.39127914 0.30347436
0.39760000 0.39162710 0.30374415
0.39800000 0.39189592 0.30395258
0.39840000 0.39225634 0.30423202
0.39880000 0.39260313 0.30450090
0.39920000 0.39290874 0.30473785
0.39960000 0.39317674 0.30494564
0.40000000 0.39370597 0.30535598
0.39960000 0.39370597 0.30535598
0.39920000 0.39343420 0.30514526
0.39880000 0.39312359 0.30490443
0.39840000 0.39276992 0.30463022
0.39800000 0.39250624 0.30442578
0.39760000 0.39208469 0.30409893
0.39720000 0.39166620 0.30377447
0.39680000 0.39125310 0.30345417
0.39640000 0.39097895 0.30324162
0.39600000 0.39047272 0.30284912
0.39560000 0.38993410 0.30243150
0.39520000 0.38938406 0.30200504
0.39480000 0.38891875 0.30164427
0.39440000 0.38854233 0.30135242
0.39400000 0.38827532 0.30114539
0.39360000 0.38807574 0.30099065
0.39320000 0.38789512 0.30085061
0.39280000 0.38735021 0.30042812
0.39240000 0.38701103 0.30016514
0.39200000 0.38672390 0.29994252
0.39160000 0.38629183 0.29960752
0.39120000 0.38588001 0.29928822
0.39080000 0.38562697 0.29909203
0.39040000 0.38484768 0.29848782
0.39000000 0.38430621 0.29806799
0.38960000 0.38376000 0.29764450
0.38920000 0.38346283 0.29741409
0.38880000 0.38309464 0.29712862
0.38840000 0.38288440 0.29696561
0.38800000 0.38269128 0.29681588
0.38760000 0.38239825 0.29658868
0.38720000 0.38189261 0.29619664
0.38680000 0.38155595 0.29593562
0.38640000 0.38115022 0.29562104
0.38600000 0.38054052 0.29514832
0.38560000 0.37988267 0.29463827
0.38520000 0.37922431 0.29412781
0.38480000 0.37885354 0.29384034
0.38440000 0.37859036 0.29363629
0.38400000 0.37829066 0.29340392
0.38360000 0.37818900 0.29332510
0.38320000 0.37798556 0.29316737
0.38280000 0.37774929 0.29298418
0.38240000 0.37734716 0.29267239
0.38200000 0.37674458 0.29220519
0.38160000 0.37624572 0.29181840
0.38120000 0.37582916 0.29149543
0.38080000 0.37518307 0.29099449
0.38040000 0.37465127 0.29058217
0.38000000 0.37386460 0.28997224
0.37960000 0.37358074 0.28975215
0.37920000 0.37353057 0.28971325
0.37880000 0.37336132 0.28958202
0.37840000 0.37329476 0.28953042
0.37800000 0.37304232 0.28933469
0.37760000 0.37283855 0.28917670
0.37720000 0.37228950 0.28875100
0.37680000 0.37144568 0.28809676
0.37640000 0.37062233 0.28745838
0.37600000 0.37009790 0.28705177
0.37560000 0.36961289 0.28667572
0.37520000 0.36966927 0.28671944
0.37480000 0.36990961 0.28690578
0.37440000 0.36957052 0.28664288
0.37400000 0.36897220 0.28617898
0.37360000 0.36869365 0.28596301
0.37320000 0.36822563 0.28560014
0.37280000 0.36779250 0.28526431
0.37240000 0.36709901 0.28472663
0.37200000 0.36634382 0.28414110
0.37160000 0.36580311 0.28372186
0.37120000 0.36548716 0.28347690
0.37080000 0.36537743 0.28339182
0.37040000 0.36554239 0.28351972
0.37000000 0.36529213 0.28332568
0.36960000 0.36481430 0.28295521
0.36920000 0.36420591 0.28248350
0.36880000 0.36361413 0.28202467
0.36840000 0.36295352 0.28151247
0.36800000 0.36233264 0.28103109
0.36760000 0.36191265 0.28070545
0.36720000 0.36139255 0.28030220
0.36680000 0.36132588 0.28025050
0.36640000 0.36128747 0.28022072
0.36600000 0.36104807 0.28003511
0.36560000 0.36078148 0.27982841
0.36520000 0.36025069 0.27941687
0.36480000 0.36005385 0.27926425
0.36440000 0.35915825 0.27856986
0.36400000 0.35827805 0.27788741
0.36360000 0.35783573 0.27754446
0.36320000 0.35761878 0.27737626
0.36280000 0.35772316 0.27745719
0.36240000 0.35751596 0.27729654
0.36200000 0.35731139 0.27713793
0.36160000 0.35697902 0.27688022
0.36120000 0.35637477 0.27641173
0.36080000 0.35584002 0.27599712
0.36040000 0.35489752 0.27526636
0.36000000 0.35417784 0.27470837
0.35960000 0.35392782 0.27451452
0.35920000 0.35362860 0.27428252
0.35880000 0.35394757 0.27452983
0.35840000 0.35354020 0.27421398
0.35800000 0.35327080 0.27400510
0.35760000 0.35292050 0.27373351
0.35720000 0.35225320 0.27321612
0.35680000 0.35137882 0.27253819
0.35640000 0.35074466 0.27204650
0.35600000 0.35052500 0.27187619
0.35560000 0.35029366 0.27169682
0.35520000 0.34999852 0.27146799
0.35480000 0.34968978 0.27122861
0.35440000 0.34949296 0.27107601
0.35400000 0.34921453 0.27086013
0.35360000 0.34878020 0.27052338
0.35320000 0.34827565 0.27013219
0.35280000 0.34779314 0.26975808
0.35240000 0.34726982 0.26935233
0.35200000 0.34679245 0.26898221
0.35160000 0.34617655 0.26850468
0.35120000 0.34588419 0.26827800
0.35080000 0.34578406 0.26820036
0.35040000 0.34556331 0.26802921
0.35000000 0.34519024 0.26773995
0.34960000 0.34477288 0.26741636
0.34920000 0.34459831 0.26728101
0.34880000 0.34398133 0.26680264
0.34840000 0.34337407 0.26633181
0.34800000 0.34271501 0.26582081
0.34760000 0.34228349 0.26548624
0.34720000 0.34185289 0.26515238
0.34680000 0.34167537 0.26501475
0.34640000 0.34149879 0.26487784
0.34600000 0.34125010 0.26468501
0.34560000 0.34085173 0.26437615
0.34520000 0.34035680 0.26399241
0.34480000 0.33993323 0.26366400
0.34440000 0.33951558 0.26334018
0.34400000 0.33903867 0.26297042
0.34360000 0.33852088 0.26256896
0.34320000 0.33805432 0.26220721
0.34280000 0.33775906 0.26197829
0.34240000 0.33748136 0.26176298
0.34200000 0.33712813 0.26148910
0.34160000 0.33672447 0.26117613
0.34120000 0.33653581 0.26102985
0.34080000 0.33615880 0.26073755
0.34040000 0.33548440 0.26021466
0.34000000 0.33480727 0.25968965
0.33960000 0.33427589 0.25927766
0.33920000 0.33400366 0.25906659
0.33880000 0.33367968 0.25881539
0.33840000 0.33346261 0.25864709
0.33800000 0.33331764 0.25853469
0.33760000 0.33303585 0.25831621
0.33720000 0.33245505 0.25786589
0.33680000 0.33204240 0.25754595
0.33640000 0.33155420 0.25716743
0.33600000 0.33123918 0.25692318
0.33560000 0.33063706 0.25645634
0.33520000 0.33016925 0.25609363
0.33480000 0.32997963 0.25594661
0.33440000 0.32954646 0.25561076
0.33400000 0.32917699 0.25532430
0.33360000 0.32885442 0.25507419
0.33320000 0.32858752 0.25486726
0.33280000 0.32805275 0.25445263
0.33240000 0.32759376 0.25409676
0.33200000 0.32713105 0.25373800
0.33160000 0.32680774 0.25348732
0.33120000 0.32630732 0.25309934
0.33080000 0.32601851 0.25287541
0.33040000 0.32554086 0.25250507
0.33000000 0.32521276 0.25225068
0.32960000 0.32494201 0.25204076
0.32920000 0.32457158 0.25175355
0.32880000 0.32420696 0.25147084
0.32840000 0.32355795 0.25096764
0.32800000 0.32315445 0.25065480
0.32760000 0.32283889 0.25041013
0.32720000 0.32260474 0.25022859
0.32680000 0.32209867 0.24983621
0.32640000 0.32167652 0.24950890
0.32600000 0.32134691 0.24925335
0.32560000 0.32104553 0.24901968
0.32520000 0.32061275 0.24868412
0.32480000 0.32000644 0.24821403
0.32440000 0.31959514 0.24789514
0.32400000 0.31929822 0.24766493
0.32360000 0.31892329 0.24737423
0.32320000 0.31844188 0.24700097
0.32280000 0.31811007 0.24674371
0.32240000 0.31776951 0.24647965
0.32200000 0.31752881 0.24629304
0.32160000 0.31667731 0.24563283
0.32120000 0.31619549 0.24525926
0.32080000 0.31604331 0.24514127
0.32040000 0.31578769 0.24494308
0.32000000 0.31535435 0.24460710
0.31960000 0.31494928 0.24429303
0.31920000 0.31452853 0.24396680
0.31880000 0.31405762 0.24360170
0.31840000 0.31366903 0.24330041
0.31800000 0.31347966 0.24315358
0.31760000 0.31309723 0.24285706
0.31720000 0.31251966 0.24240925
0.31680000 0.31199103 0.24199939
0.31640000 0.31168893 0.24176516
0.31600000 0.31138459 0.24152920
0.31560000 0.31108717 0.24129859
0.31520000 0.31072690 0.24101926
0.31480000 0.31043624 0.24079391
0.31440000 0.30955424 0.24011006
0.31400000 0.30908489 0.23974616
0.31360000 0.30866434 0.23942009
0.31320000 0.30839822 0.23921375
0.31280000 0.30820947 0.23906740
0.31240000 0.30808196 0.23896854
0.31200000 0.30758035 0.23857963
0.31160000 0.30708779 0.23819773
0.31120000 0.30656831 0.23779495
0.31080000 0.30606434 0.23740421
0.31040000 0.30560085 0.23704485
0.31000000 0.30533440 0.23683826
0.30960000 0.30490185 0.23650289
0.30920000 0.30457346 0.23624827
0.30880000 0.30421436 0.23596985
0.30840000 0.30399521 0.23579994
0.30800000 0.30365026 0.23553248
0.30760000 0.30311797 0.23511978
0.30720000 0.30272813 0.23481752
0.30680000 0.30222073 0.23442412
0.30640000 0.30167634 0.23400203
0.30600000 0.30130795 0.23371640
0.30560000 0.30096221 0.23344834
0.30520000 0.30066514 0.23321801
0.30480000 0.30039526 0.23300876
0.30440000 0.29989930 0.23262423
0.30400000 0.29958001 0.23237667
0.30360000 0.29924921 0.23212019
0.30320000 0.29895729 0.23189385
0.30280000 0.29822172 0.23132354
0.30240000 0.29749058 0.23075666
0.30200000 0.29726638 0.23058283
0.30160000 0.29694058 0.23033023
0.30120000 0.29677523 0.23020203
0.30080000 0.29654855 0.23002627
0.30040000 0.29619920 0.22975540
0.30000000 0.29563656 0.22931917
0.29960000 0.29498840 0.22881663
0.29920000 0.29453643 0.22846620
0.29880000 0.29386451 0.22794524
0.29840000 0.29365838 0.22778542
0.29800000 0.29333433 0.22753417
0.29760000 0.29319013 0.22742237
0.29720000 0.29293265 0.22722273
0.29680000 0.29244173 0.22684210
0.29640000 0.29197923 0.22648351
0.29600000 0.29147843 0.22609522
0.29560000 0.29087042 0.22562381
0.29520000 0.29052922 0.22535926
0.29480000 0.29014870 0.22506423
0.29440000 0.29002859 0.22497111
0.29400000 0.28983886 0.22482400
0.29360000 0.28948365 0.22454860
0.29320000 0.28897726 0.22415597
0.29280000 0.28836899 0.22368436
0.29240000 0.28783441 0.22326988
0.29200000 0.28740253 0.22293502
0.29160000 0.28705129 0.22266269
0.29120000 0.28663496 0.22233990
0.29080000 0.28628428 0.22206801
0.29040000 0.28614676 0.22196138
0.29000000 0.28577515 0.22167325
0.28960000 0.28536149 0.22135253
0.28920000 0.28468356 0.22082691
0.28880000 0.28429154 0.22052296
0.28840000 0.28388987 0.22021153
0.28800000 0.28356012 0.21995586
0.28760000 0.28315967 0.21964538
0.28720000 0.28278226 0.21935276
0.28680000 0.28236533 0.21902950
0.28640000 0.28207538 0.21880469
0.28600000 0.28182997 0.21861441
0.28560000 0.28127985 0.21818789
0.28520000 0.28081481 0.21782733
0.28480000 0.28042986 0.21752886
0.28440000 0.28013390 0.21729939
0.28400000 0.27962973 0.21690848
0.28360000 0.27902777 0.21644177
0.28320000 0.27864930 0.21614832
0.28280000 0.27846051 0.21600195
0.28240000 0.27821673 0.21581293
0.28200000 0.27797590 0.21562621
0.28160000 0.27751938 0.21527226
0.28120000 0.27715410 0.21498904
0.28080000 0.27644896 0.21444232
0.28040000 0.27579364 0.21393422
0.28000000 0.27543038 0.21365258
0.27960000 0.27498838 0.21330988
0.27920000 0.27477063 0.21314105
0.27880000 0.27465616 0.21305229
0.27840000 0.27430933 0.21278338
0.27800000 0.27388095 0.21245125
0.27760000 0.27351285 0.21216584
0.27720000 0.27281341 0.21162354
0.27680000 0.27231213 0.21123488
0.27640000 0.27161128 0.21069149
0.27600000 0.27141467 0.21053905
0.27560000 0.27129345 0.21044507
0.27520000 0.27131234 0.21045971
0.27480000 0.27077243 0.21004110
0.27440000 0.27051742 0.20984338
0.27400000 0.26959259 0.20912632
0.27360000 0.26903188 0.20869158
0.27320000 0.26867152 0.20841218
0.27280000 0.26836589 0.20817522
0.27240000 0.26785709 0.20778073
0.27200000 0.26771266 0.20766874
0.27160000 0.26758686 0.20757121
0.27120000 0.26728610 0.20733802
0.27080000 0.26673460 0.20691042
0.27040000 0.26610714 0.20642393
0.27000000 0.26560522 0.20603477
0.26960000 0.26519002 0.20571285
0.26920000 0.26454231 0.20521066
0.26880000 0.26441459 0.20511163
0.26840000 0.26428559 0.20501161
0.26800000 0.26431236 0.20503237
0.26760000 0.26353913 0.20443286
0.26720000 0.26296115 0.20398473
0.26680000 0.26251536 0.20363909
0.26640000 0.26202520 0.20325905
0.26600000 0.26169253 0.20300112
0.26560000 0.26118715 0.20260928
0.26520000 0.26092717 0.20240771
0.26480000 0.26059680 0.20215156
0.26440000 0.26018316 0.20183085
0.26400000 0.25976888 0.20150965
0.26360000 0.25950647 0.20130619
0.26320000 0.25914455 0.20102558
0.26280000 0.25891320 0.20084621
0.26240000 0.25838845 0.20043935
0.26200000 0.25785222 0.20002359
0.26160000 0.25735315 0.19963664
0.26120000 0.25688988 0.19927745
0.26080000 0.25645317 0.19893885
0.26040000 0.25619743 0.19874057
0.26000000 0.25584360 0.19846623
0.25960000 0.25549103 0.19819287
0.25920000 0.25510821 0.19789606
0.25880000 0.25471798 0.19759350
0.25840000 0.25415602 0.19715779
0.25800000 0.25376465 0.19685435
0.25760000 0.25336012 0.19654069
0.25720000 0.25303953 0.19629213
0.25680000 0.25263648 0.19597964
0.25640000 0.25226356 0.19569050
0.25600000 0.25206958 0.19554009
0.25560000 0.25169972 0.19525333
0.25520000 0.25108398 0.19477592
0.25480000 0.25068256 0.19446468
0.25440000 0.25035139 0.19420792
0.25400000 0.24986711 0.19383244
0.25360000 0.24942645 0.19349078
0.25320000 0.24904111 0.19319201
0.25280000 0.24857492 0.19283056
0.25240000 0.24819088 0.19253280
0.25200000 0.24778738 0.19221995
0.25160000 0.24758710 0.19206467
0.25120000 0.24700747 0.19161525
0.25080000 0.24675217 0.19141731
0.25040000 0.24649893 0.19122096
0.25000000 0.24613854 0.19094155
0.24960000 0.24568504 0.19058992
0.24920000 0.24509705 0.19013403
0.24880000 0.24454354 0.18970488
0.24840000 0.24425184 0.18947872
0.24800000 0.24377312 0.18910754
0.24760000 0.24347837 0.18887902
0.24720000 0.24324083 0.18869484
0.24680000 0.24301332 0.18851844
0.24640000 0.24264833 0.18823545
0.24600000 0.24198942 0.18772458
0.24560000 0.24131377 0.18720072
0.24520000 0.24098943 0.18694925
0.24480000 0.24076158 0.18677259
0.24440000 0.24044205 0.18652485
0.24400000 0.24024982 0.18637580
0.24360000 0.23973901 0.18597976
0.24320000 0.23946133 0.18576445
0.24280000 0.23884653 0.18528778
0.24240000 0.23814729 0.18474563
0.24200000 0.23764143 0.18435342
0.24160000 0.23723998 0.18404216
0.24120000 0.23708278 0.18392028
0.24080000 0.23693881 0.18380866
0.24040000 0.23665957 0.18359215
0.24000000 0.23623888 0.18326597
0.23960000 0.23603353 0.18310676
0.23920000 0.23519447 0.18245620
0.23880000 0.23454950 0.18195614
0.23840000 0.23410286 0.18160984
0.23800000 0.23379960 0.18137471
0.23760000 0.23366042 0.18126680
0.23720000 0.23367518 0.18127824
0.23680000 0.23317159 0.18088779
0.23640000 0.23291705 0.18069044
0.23600000 0.23240671 0.18029475
0.23560000 0.23153925 0.17962218
0.23520000 0.23100859 0.17921074
0.23480000 0.23052280 0.17883408
0.23440000 0.23024216 0.17861649
0.23400000 0.23032866 0.17868357
0.23360000 0.23026305 0.17863270
0.23320000 0.22968474 0.17818431
0.23280000 0.22920993 0.17781617
0.23240000 0.22832764 0.17713210
0.23200000 0.22793925 0.17683097
0.23160000 0.22768739 0.17663569
0.23120000 0.22696985 0.17607935
0.23080000 0.22724072 0.17628937
0.23040000 0.22681510 0.17595937
0.23000000 0.22667746 0.17585266
0.22960000 0.22611795 0.17541884
0.22920000 0.22527672 0.17476661
0.22880000 0.22460910 0.17424898
0.22840000 0.22403947 0.17380732
0.22800000 0.22389747 0.17369723
0.22760000 0.22365863 0.17351204
0.22720000 0.22355297 0.17343012
0.22680000 0.22319865 0.17315540
0.22640000 0.22285838 0.17289158
0.22600000 0.22236000 0.17250517
0.22560000 0.22173272 0.17201881
0.22520000 0.22125522 0.17164859
0.22480000 0.22078107 0.17128097
0.22440000 0.22019496 0.17082654
0.22400000 0.22004200 0.17070794
0.22360000 0.22003384 0.17070161
0.22320000 0.21961622 0.17037781
0.22280000 0.21919266 0.17004942
0.22240000 0.21858658 0.16957950
0.22200000 0.21814285 0.16923546
0.22160000 0.21764640 0.16885054
0.22120000 0.21713821 0.16845653
0.22080000 0.21683243 0.16821944
0.22040000 0.21678990 0.16818647
0.22000000 0.21661750 0.16805280
0.21960000 0.21604928 0.16761224
0.21920000 0.21558624 0.16725322
0.21880000 0.21507454 0.16685649
0.21840000 0.21458201 0.16647461
0.21800000 0.21389083 0.16593871
0.21760000 0.21367810 0.16577377
0.21720000 0.21335588 0.16552394
0.21680000 0.21314909 0.16536361
0.21640000 0.21285656 0.16513681
0.21600000 0.21236828 0.16475822
0.21560000 0.21187585 0.16437643
0.21520000 0.21131488 0.16394148
0.21480000 0.21097004 0.16367412
0.21440000 0.21057416 0.16336718
0.21400000 0.21022122 0.16309353
0.21360000 0.20986166 0.16281475
0.21320000 0.20983257 0.16279219
0.21280000 0.20927199 0.16235756
0.21240000 0.20870357 0.16191684
0.21200000 0.20838598 0.16167060
0.21160000 0.20788855 0.16128493
0.21120000 0.20753931 0.16101414
0.21080000 0.20711208 0.16068289
0.21040000 0.20677885 0.16042453
0.21000000 0.20644086 0.16016247
0.20960000 0.20585595 0.15970897
0.20920000 0.20526790 0.15925304
0.20880000 0.20515580 0.15916612
0.20840000 0.20481428 0.15890133
0.20800000 0.20443208 0.15860500
0.20760000 0.20401526 0.15828182
0.20720000 0.20349914 0.15788166
0.20680000 0.20318994 0.15764192
0.20640000 0.20241403 0.15704033
0.20600000 0.20213759 0.15682600
0.20560000 0.20187117 0.15661943
0.20520000 0.20148841 0.15632266
0.20480000 0.20116009 0.15606810
0.20440000 0.20089265 0.15586074
0.20400000 0.20048706 0.15554628
0.20360000 0.20008332 0.15523324
0.20320000 0.19965541 0.15490147
0.20280000 0.19912234 0.15448816
0.20240000 0.19853853 0.15403551
0.20200000 0.19812135 0.15371205
0.20160000 0.19775948 0.15343148
0.20120000 0.19778286 0.15344961
0.20080000 0.19742262 0.15317031
0.20040000 0.19705720 0.15288698
0.20000000 0.19646902 0.15243094
0.19960000 0.19580225 0.15191397
0.19920000 0.19529536 0.15152097
0.19880000 0.19507343 0.15134889
0.19840000 0.19469041 0.15105192
0.19800000 0.19457311 0.15096097
0.19760000 0.19431244 0.15075887
0.19720000 0.19378743 0.15035181
0.19680000 0.19330423 0.14997717
0.19640000 0.19289979 0.14966359
0.19600000 0.19222928 0.14914372
0.19560000 0.19183133 0.14883517
0.19520000 0.19141731 0.14851417
0.19480000 0.19116741 0.14832041
0.19440000 0.19101875 0.14820515
0.19400000 0.19069341 0.14795291
0.19360000 0.19043491 0.14775248
0.19320000 0.18982734 0.14728140
0.19280000 0.18916738 0.14676972
0.19240000 0.18863897 0.14636002
0.19200000 0.18809438 0.14593778
0.19160000 0.18798035 0.14584937
0.19120000 0.18786917 0.14576317
0.19080000 0.18757169 0.14553252
0.19040000 0.18701931 0.14510424
0.19000000 0.18642845 0.14464613
0.18960000 0.18585403 0.14420075
0.18920000 0.18552207 0.14394337
0.18880000 0.18510238 0.14361797
0.18840000 0.18486831 0.14343649
0.18800000 0.18457795 0.14321136
0.18760000 0.18417762 0.14290097
0.18720000 0.18376350 0.14257989
0.18680000 0.18336995 0.14227476
0.18640000 0.18296222 0.14195863
0.18600000 0.18251526 0.14161208
0.18560000 0.18224951 0.14140604
0.18520000 0.18158428 0.14089026
0.18480000 0.18126184 0.14064026
0.18440000 0.18078997 0.14027440
0.18400000 0.18056405 0.14009924
0.18360000 0.18027134 0.13987229
0.18320000 0.17985271 0.13954771
0.18280000 0.17951564 0.13928637
0.18240000 0.17894405 0.13884319
0.18200000 0.17834944 0.13838217
0.18160000 0.17791205 0.13804304
0.18120000 0.17760664 0.13780625
0.18080000 0.17730068 0.13756903
0.18040000 0.17694431 0.13729272
0.18000000 0.17648669 0.13693791
0.17960000 0.17623414 0.13674210
0.17920000 0.17585112 0.13644513
0.17880000 0.17539427 0.13609092
0.17840000 0.17488596 0.13569681
0.17800000 0.17451671 0.13541051
0.17760000 0.17400343 0.13501255
0.17720000 0.17363510 0.13472697
0.17680000 0.17338920 0.13453631
0.17640000 0.17314744 0.13434887
0.17600000 0.17277420 0.13405948
0.17560000 0.17252324 0.13386491
0.17520000 0.17194469 0.13341634
0.17480000 0.17120730 0.13284461
0.17440000 0.17081196 0.13253809
0.17400000 0.17031012 0.13214899
0.17360000 0.17016250 0.13203453
0.17320000 0.16990562 0.13183537
0.17280000 0.16957104 0.13157595
0.17240000 0.16912776 0.13123226
0.17200000 0.16867981 0.13088495
0.17160000 0.16815213 0.13047583
0.17120000 0.16771377 0.13013595
0.17080000 0.16723170 0.12976218
0.17040000 0.16677930 0.12941141
0.17000000 0.16655788 0.12923974
0.16960000 0.16625093 0.12900175
0.16920000 0.16595301 0.12877077
0.16880000 0.16556361 0.12846885
0.16840000 0.16508200 0.12809544
0.16800000 0.16458690 0.12771157
0.16760000 0.16400950 0.12726389
0.16720000 0.16353262 0.12689414
0.16680000 0.16320433 0.12663961
0.16640000 0.16311656 0.12657156
0.16600000 0.16279083 0.12631901
0.16560000 0.16224683 0.12589723
0.16520000 0.16199675 0.12570333
0.16480000 0.16131859 0.12517753
0.16440000 0.16076450 0.12474793
0.16400000 0.16035425 0.12442984
0.16360000 0.16018323 0.12429724
0.16320000 0.15996586 0.12412871
0.16280000 0.15955133 0.12380731
0.16240000 0.15902638 0.12340030
0.16200000 0.15876683 0.12319905
0.16160000 0.15826651 0.12281114
0.16120000 0.15771771 0.12238564
0.16080000 0.15732258 0.12207927
0.16040000 0.15693713 0.12178042
0.16000000 0.15671416 0.12160755
0.15960000 0.15632232 0.12130374
0.15920000 0.15594811 0.12101360
0.15880000 0.15549361 0.12066121
0.15840000 0.15511965 0.12037126
0.15800000 0.15457959 0.11995254
0.15760000 0.15427165 0.11971378
0.15720000 0.15395238 0.11946624
0.15680000 0.15352477 0.11913470
0.15640000 0.15311906 0.11882013
0.15600000 0.15274412 0.11852943
0.15560000 0.15233702 0.11821379
0.15520000 0.15181992 0.11781286
0.15480000 0.15126062 0.11737922
0.15440000 0.15098483 0.11716539
0.15400000 0.15052850 0.11681158
0.15360000 0.15014466 0.11651397
0.15320000 0.15004639 0.11643778
0.15280000 0.14971452 0.11618047
0.15240000 0.14909154 0.11569745
0.15200000 0.14846005 0.11520783
0.15160000 0.14814414 0.11496289
0.15120000 0.14780505 0.11469999
0.15080000 0.14740268 0.11438802
0.15040000 0.14714532 0.11418848
0.15000000 0.14672361 0.11386151
0.14960000 0.14629867 0.11353203
0.14920000 0.14567745 0.11305038
0.14880000 0.14545119 0.11287495
0.14840000 0.14501516 0.11253689
0.14800000 0.14468705 0.11228249
0.14760000 0.14430237 0.11198423
0.14720000 0.14398254 0.11173626
0.14680000 0.14355710 0.11140640
0.14640000 0.14311827 0.11106615
0.14600000 0.14284731 0.11085607
0.14560000 0.14250182 0.11058820
0.14520000 0.14191476 0.11013303
0.14480000 0.14138616 0.10972319
0.14440000 0.14100106 0.10942461
0.14400000 0.14077339 0.10924808
0.14360000 0.14047320 0.10901533
0.14320000 0.14010925 0.10873315
0.14280000 0.13950185 0.10826222
0.14240000 0.13896466 0.10784571
0.14200000 0.13871871 0.10765501
0.14160000 0.13814848 0.10721289
0.14120000 0.13776622 0.10691651
0.14080000 0.13775148 0.10690509
0.14040000 0.13734457 0.10658959
0.14000000 0.13691952 0.10626004
0.13960000 0.13629240 0.10577381
0.13920000 0.13559503 0.10523311
0.13880000 0.13547944 0.10514349
0.13840000 0.13503784 0.10480110
0.13800000 0.13491984 0.10470961
0.13760000 0.13460924 0.10446879
0.13720000 0.13416778 0.10412651
0.13680000 0.13357945 0.10367036
0.13640000 0.13307172 0.10327669
0.13600000 0.13253731 0.10286235
0.13560000 0.13216420 0.10257306
0.13520000 0.13211296 0.10253334
0.13480000 0.13165449 0.10217786
0.13440000 0.13116299 0.10179679
0.13400000 0.13085319 0.10155658
0.13360000 0.13041305 0.10121533
0.13320000 0.12983823 0.10076965
0.13280000 0.12947584 0.10048868
0.13240000 0.12917027 0.10025176
0.13200000 0.12881923 0.09997958
0.13160000 0.12844207 0.09968716
0.13120000 0.12798720 0.09933448
0.13080000 0.12767882 0.09909539
0.13040000 0.12732728 0.09882282
0.13000000 0.12673341 0.09836237
0.12960000 0.12615049 0.09791041
0.12920000 0.12587350 0.09769565
0.12880000 0.12556208 0.09745420
0.12840000 0.12529024 0.09724343
0.12800000 0.12489356 0.09693587
0.12760000 0.12455199 0.09667104
0.12720000 0.12394627 0.09620140
0.12680000 0.12352207 0.09587250
0.12640000 0.12315241 0.09558589
0.12600000 0.12264782 0.09519466
0.12560000 0.12249225 0.09507404
0.12520000 0.12212317 0.09478789
0.12480000 0.12173554 0.09448734
0.12440000 0.12111796 0.09400851
0.12400000 0.12079291 0.09375648
0.12360000 0.12030818 0.09338065
0.12320000 0.11998513 0.09313018
0.12280000 0.11963454 0.09285836
0.12240000 0.11932604 0.09261917
0.12200000 0.11892786 0.09231044
0.12160000 0.11826590 0.09179720
0.12120000 0.11795298 0.09155458
0.12080000 0.11752879 0.09122569
0.12040000 0.11720502 0.09097467
0.12000000 0.11679675 0.09065811
0.11960000 0.11642638 0.09037095
0.11920000 0.11609252 0.09011210
0.11880000 0.11565132 0.08977002
0.11840000 0.11522620 0.08944041
0.11800000 0.11473381 0.08905864
0.11760000 0.11441328 0.08881012
0.11720000 0.11406651 0.08854126
0.11680000 0.11365710 0.08822383
0.11640000 0.11317603 0.08785084
0.11600000 0.11298626 0.08770370
0.11560000 0.11263361 0.08743028
0.11520000 0.11218315 0.08708102
0.11480000 0.11157361 0.08660842
0.11440000 0.11102209 0.08618081
0.11400000 0.11089515 0.08608239
0.11360000 0.11062168 0.08587036
0.11320000 0.11030000 0.08562095
0.11280000 0.10969672 0.08515320
0.11240000 0.10936533 0.08489626
0.11200000 0.10897764 0.08459568
0.11160000 0.10845775 0.08419258
0.11120000 0.10796725 0.08381228
0.11080000 0.10776361 0.08365439
0.11040000 0.10738006 0.08335701
0.11000000 0.10686656 0.08295888
0.10960000 0.10652344 0.08269284
0.10920000 0.10588642 0.08219894
0.10880000 0.10560180 0.08197826
0.10840000 0.10540009 0.08182187
0.10800000 0.10506128 0.08155918
0.10760000 0.10461378 0.08121221
0.10720000 0.10416748 0.08086618
0.10680000 0.10369463 0.08049956
0.10640000 0.10342427 0.08028994
0.10600000 0.10294581 0.07991897
0.10560000 0.10249284 0.07956777
0.10520000 0.10222653 0.07936129
0.10480000 0.10190795 0.07911429
0.10440000 0.10141803 0.07873443
0.10400000 0.10076247 0.07822615
0.10360000 0.10044511 0.07798009
0.10320000 0.09999287 0.07762945
0.10280000 0.09971603 0.07741481
0.10240000 0.09939157 0.07716324
0.10200000 0.09899617 0.07685668
0.10160000 0.09869872 0.07662605
0.10120000 0.09815279 0.07620277
0.10080000 0.09764250 0.07580713
0.10040000 0.09742394 0.07563767
0.10000000 0.09695546 0.07527444
0.09960000 0.09653737 0.07495027
0.09920000 0.09608143 0.07459677
0.09880000 0.09584604 0.07441426
0.09840000 0.09552102 0.07416227
0.09800000 0.09501487 0.07376982
0.09760000 0.09455327 0.07341193
0.09720000 0.09425945 0.07318412
0.09680000 0.09392267 0.07292300
0.09640000 0.09347973 0.07257958
0.09600000 0.09319100 0.07235572
0.09560000 0.09271204 0.07198436
0.09520000 0.09220917 0.07159447
0.09480000 0.09169664 0.07119708
0.09440000 0.09133888 0.07091970
0.09400000 0.09094016 0.07061056
0.09360000 0.09055875 0.07031483
0.09320000 0.09019210 0.07003056
0.09280000 0.08990083 0.06980472
0.09240000 0.08938271 0.06940300
0.09200000 0.08877888 0.06893484
0.09160000 0.08849748 0.06871666
0.09120000 0.08815007 0.06844730
0.09080000 0.08769563 0.06809495
0.09040000 0.08718102 0.06769596
0.09000000 0.08746736 0.06791796
0.08960000 0.08676822 0.06737589
0.08920000 0.08641715 0.06710370
0.08880000 0.08577796 0.06660812
0.08840000 0.08555232 0.06643316
0.08800000 0.08527051 0.06621467
0.08760000 0.08472874 0.06579462
0.08720000 0.08425515 0.06542742
0.08680000 0.08396633 0.06520349
0.08640000 0.08350317 0.06484438
0.08600000 0.08298623 0.06444358
0.08560000 0.08257811 0.06412715
0.08520000 0.08241325 0.06399933
0.08480000 0.08187435 0.06358150
0.08440000 0.08126492 0.06310898
0.08400000 0.08093379 0.06285225
0.08360000 0.08070784 0.06267706
0.08320000 0.08027924 0.06234475
0.08280000 0.07999263 0.06212254
0.08240000 0.07950094 0.06174131
0.08200000 0.07899850 0.06135175
0.08160000 0.07856273 0.06101388
0.08120000 0.07831522 0.06082198
0.08080000 0.07793916 0.06053040
0.08040000 0.07757699 0.06024960
0.08000000 0.07720898 0.05996427
0.07960000 0.07670774 0.05957564
0.07920000 0.07622546 0.05920171
0.07880000 0.07592401 0.05896799
0.07840000 0.07570894 0.05880123
0.07800000 0.07507890 0.05831274
0.07760000 0.07466304 0.05799030
0.07720000 0.07438476 0.05777455
0.07680000 0.07391973 0.05741399
0.07640000 0.07350543 0.05709277
0.07600000 0.07296184 0.05667131
0.07560000 0.07270338 0.05647091
0.07520000 0.07239772 0.05623392
0.07480000 0.07178082 0.05575562
0.07440000 0.07121717 0.05531860
0.07400000 0.07099332 0.05514504
0.07360000 0.07072068 0.05493365
0.07320000 0.07023207 0.05455481
0.07280000 0.06992637 0.05431779
0.07240000 0.06962201 0.05408181
0.07200000 0.06906559 0.05365040
0.07160000 0.06866821 0.05334229
0.07120000 0.06840016 0.05313446
0.07080000 0.06791342 0.05275708
0.07040000 0.06762727 0.05253522
0.07000000 0.06715221 0.05216689
0.06960000 0.06668956 0.05180818
0.06920000 0.06619511 0.05142481
0.06880000 0.06596014 0.05124263
0.06840000 0.06532302 0.05074865
0.06800000 0.06526757 0.05070565
0.06760000 0.06489670 0.05041811
0.06720000 0.06446973 0.05008706
0.06680000 0.06386671 0.04961952
0.06640000 0.06345126 0.04929740
0.06600000 0.06296106 0.04891733
0.06560000 0.06264540 0.04867259
0.06520000 0.06249837 0.04855859
0.06480000 0.06203260 0.04819747
0.06440000 0.06144221 0.04773971
0.06400000 0.06100807 0.04740311
0.06360000 0.06060624 0.04709156
0.06320000 0.06065517 0.04712949
0.06280000 0.06021599 0.04678898
0.06240000 0.05954450 0.04626835
0.06200000 0.05914121 0.04595567
0.06160000 0.05872696 0.04563448
0.06120000 0.05835918 0.04534933
0.06080000 0.05795005 0.04503212
0.06040000 0.05769936 0.04483775
0.06000000 0.05721943 0.04446564
0.05960000 0.05681643 0.04415318
0.05920000 0.05633744 0.04378180
0.05880000 0.05605583 0.04356346
0.05840000 0.05551855 0.04314688
0.05800000 0.05501450 0.04275607
0.05760000 0.05475871 0.04255775
0.05720000 0.05457523 0.04241549
0.05680000 0.05410664 0.04205218
0.05640000 0.05352720 0.04160291
0.05600000 0.05323863 0.04137918
0.05560000 0.05310869 0.04127843
0.05520000 0.05238986 0.04072109
0.05480000 0.05198452 0.04040682
0.05440000 0.05142928 0.03997632
0.05400000 0.05132869 0.03989833
0.05360000 0.05083241 0.03951354
0.05320000 0.05026816 0.03907606
0.05280000 0.04995539 0.03883356
0.05240000 0.04960591 0.03856260
0.05200000 0.04919602 0.03824479
0.05160000 0.04882467 0.03795687
0.05120000 0.04849095 0.03769813
0.05080000 0.04807699 0.03737717
0.05040000 0.04753807 0.03695933
0.05000000 0.04702055 0.03655807
0.04960000 0.04675624 0.03635314
0.04920000 0.04640322 0.03607944
0.04880000 0.04604189 0.03579928
0.04840000 0.04545967 0.03534787
0.04800000 0.04504172 0.03502381
0.04760000 0.04479491 0.03483245
0.04720000 0.04448894 0.03459522
0.04680000 0.04394773 0.03417560
0.04640000 0.04363956 0.03393667
0.04600000 0.04326036 0.03364266
0.04560000 0.04289483 0.03335925
0.04520000 0.04235425 0.03294012
0.04480000 0.04199306 0.03266008
0.04440000 0.04163722 0.03238418
0.04400000 0.04122235 0.03206251
0.04360000 0.04094393 0.03184664
0.04320000 0.04051454 0.03151373
0.04280000 0.04010697 0.03119772
0.04240000 0.03959126 0.03079787
0.04200000 0.03911147 0.03042587
0.04160000 0.03886468 0.03023453
0.04120000 0.03851632 0.02996443
0.04080000 0.03810862 0.02964833
0.04040000 0.03770168 0.02933281
0.04000000 0.03724017 0.02897499
0.03960000 0.03687035 0.02868825
0.03920000 0.03641809 0.02833760
0.03880000 0.03590721 0.02794149
0.03840000 0.03564762 0.02774022
0.03800000 0.03535042 0.02750979
0.03760000 0.03502125 0.02725457
0.03720000 0.03466441 0.02697791
0.03680000 0.03422914 0.02664043
0.03640000 0.03364306 0.02618601
0.03600000 0.03319798 0.02584093
0.03560000 0.03302411 0.02570612
0.03520000 0.03264073 0.02540887
0.03480000 0.03230293 0.02514697
0.03440000 0.03162457 0.02462101
0.03400000 0.03131318 0.02437957
0.03360000 0.03099122 0.02412995
0.03320000 0.03050961 0.02375654
0.03280000 0.02997034 0.02333842
0.03240000 0.02957339 0.02303065
0.03200000 0.02935361 0.02286024
0.03160000 0.02923363 0.02276722
0.03120000 0.02871030 0.02236146
0.03080000 0.02800590 0.02181532
0.03040000 0.02739861 0.02134447
0.03000000 0.02716072 0.02116002
0.02960000 0.02703816 0.02106499
0.02920000 0.02656132 0.02069528
0.02880000 0.02603922 0.02029048
0.02840000 0.02566380 0.01999940
0.02800000 0.02525738 0.01968429
0.02760000 0.02488570 0.01939611
0.02720000 0.02451386 0.01910781
0.02680000 0.02409680 0.01878445
0.02640000 0.02370103 0.01847760
0.02600000 0.02338650 0.01823373
0.02560000 0.02295924 0.01790245
0.02520000 0.02255121 0.01758610
0.02480000 0.02212459 0.01725532
0.02440000 0.02170665 0.01693128
0.02400000 0.02138178 0.01667939
0.02360000 0.02104963 0.01642187
0.02320000 0.02052454 0.01601475
0.02280000 0.02007673 0.01566754
0.02240000 0.01954663 0.01525654
0.02200000 0.01927718 0.01504762
0.02160000 0.01911250 0.01491994
0.02120000 0.01861043 0.01453066
0.02080000 0.01862416 0.01454131
0.02040000 0.01804167 0.01408968
0.02000000 0.01754322 0.01370322
0.01960000 0.01708412 0.01334726
0.01920000 0.01653010 0.01291771
0.01880000 0.01608043 0.01256906
0.01840000 0.01567903 0.01225784
0.01800000 0.01554732 0.01215572
0.01760000 0.01521649 0.01189922
0.01720000 0.01460675 0.01142647
0.01680000 0.01407193 0.01101180
0.01640000 0.01373366 0.01074953
0.01600000 0.01342613 0.01051109
0.01560000 0.01317649 0.01031754
0.01520000 0.01299812 0.01017923
0.01480000 0.01222447 0.00957940
0.01440000 0.01172582 0.00919278
0.01400000 0.01122098 0.00880136
0.01360000 0.01097571 0.00861119
0.01320000 0.01052886 0.00826473
0.01280000 0.01041726 0.00817820
0.01240000 0.01008054 0.00791713
0.01200000 0.00958412 0.00753224
0.01160000 0.00886882 0.00697764
0.01120000 0.00840238 0.00661599
0.01080000 0.00806256 0.00635251
0.01040000 0.00782972 0.00617198
0.01000000 0.00753261 0.00594163
0.00960000 0.00715666 0.00565014
0.00920000 0.00678697 0.00536350
0.00880000 0.00623099 0.00493243
0.00840000 0.00576967 0.00457475
0.00800000 0.00538062 0.00427311
0.00760000 0.00512020 0.00407120
0.00720000 0.00464480 0.00370260
0.00680000 0.00436980 0.00348938
0.00640000 0.00387589 0.00310644
0.00600000 0.00347929 0.00279894
0.00560000 0.00292913 0.00237238
0.00520000 0.00248877 0.00203096
0.00480000 0.00223058 0.00183076
0.00440000 0.00189376 0.00156962
0.00400000 0.00171543 0.00143136
