# strain (%), stress (GPa)
7.40040000 4.82396531
7.40080000 4.82415185
7.40120000 4.82427637
7.40160000 4.82432903
7.40200000 4.82443021
7.40240000 4.82450437
7.40280000 4.82466736
7.40320000 4.82480973
7.40360000 4.82496325
7.40400000 4.82514661
7.40440000 4.82534508
7.40480000 4.82557890
7.40520000 4.82580146
7.40560000 4.82593962
7.40600000 4.82617348
7.40640000 4.82641987
7.40680000 4.82664553
7.40720000 4.82695150
7.40760000 4.82727740
7.40800000 4.82762986
7.40840000 4.82790278
7.40880000 4.82819198
7.40920000 4.82852854
7.40960000 4.82887949
7.41000000 4.82918496
7.41040000 4.82938668
7.41080000 4.82955378
7.41120000 4.82977465
7.41160000 4.82999801
7.41200000 4.83021720
7.41240000 4.83043738
7.41280000 4.83066894
7.41320000 4.83090586
7.41360000 4.83114328
7.41400000 4.83138463
7.41440000 4.83160186
7.41480000 4.83184734
7.41520000 4.83208452
7.41560000 4.83235538
7.41600000 4.83259487
7.41640000 4.83282778
7.41680000 4.83303761
7.41720000 4.83328060
7.41760000 4.83353219
7.41800000 4.83374395
7.41840000 4.83398217
7.41880000 4.83420202
7.41920000 4.83441866
7.41960000 4.83465160
7.42000000 4.83484190
7.42040000 4.83505282
7.42080000 4.83518582
7.42120000 4.83531058
7.42160000 4.83546952
7.42200000 4.83565145
7.42240000 4.83578079
7.42280000 4.83595810
7.42320000 4.83611495
7.42360000 4.83626758
7.42400000 4.83648952
7.42440000 4.83676447
7.42480000 4.83702329
7.42520000 4.83731304
7.42560000 4.83760748
7.42600000 4.83786444
7.42640000 4.83802595
7.42680000 4.83818932
7.42720000 4.83833872
7.42760000 4.83852260
7.42800000 4.83872908
7.42840000 4.83898305
7.42880000 4.83919693
7.42920000 4.83942827
7.42960000 4.83963397
7.43000000 4.83982201
7.43040000 4.83996518
7.43080000 4.84007532
7.43120000 4.84019666
7.43160000 4.84040973
7.43200000 4.84061253
7.43240000 4.84081704
7.43280000 4.84102602
7.43320000 4.84124181
7.43360000 4.84146597
7.43400000 4.84167297
7.43440000 4.84179476
7.43480000 4.84192926
7.43520000 4.84209631
7.43560000 4.84230710
7.43600000 4.84256113
7.43640000 4.84276444
7.43680000 4.84297606
7.43720000 4.84320699
7.43760000 4.84342252
7.43800000 4.84360199
7.43840000 4.84380186
7.43880000 4.84410352
7.43920000 4.84427643
7.43960000 4.84447224
7.44000000 4.84458466
7.44040000 4.84471270
7.44080000 4.84482392
7.44120000 4.84496531
7.44160000 4.84514810
7.44200000 4.84534496
7.44240000 4.84552554
7.44280000 4.84562923
7.44320000 4.84580120
7.44360000 4.84600133
7.44400000 4.84619886
7.44440000 4.84631607
7.44480000 4.84633840
7.44520000 4.84638220
7.44560000 4.84647275
7.44600000 4.84657218
7.44640000 4.84666161
7.44680000 4.84674155
7.44720000 4.84681749
7.44760000 4.84681308
7.44800000 4.84677099
7.44840000 4.84679902
7.44880000 4.84681744
7.44920000 4.84686368
7.44960000 4.84691425
7.45000000 4.84695502
7.45040000 4.84704725
7.45080000 4.84716221
7.45120000 4.84716223
7.45160000 4.84717902
7.45200000 4.84724738
7.45240000 4.84736257
7.45280000 4.84750265
7.45320000 4.84760709
7.45360000 4.84771108
7.45400000 4.84778821
7.45440000 4.84790506
7.45480000 4.84798438
7.45520000 4.84804091
7.45560000 4.84802143
7.45600000 4.84802049
7.45640000 4.84803737
7.45680000 4.84808208
7.45720000 4.84817672
7.45760000 4.84825429
7.45800000 4.84835096
7.45840000 4.84845772
7.45880000 4.84856161
7.45920000 4.84855029
7.45960000 4.84854876
7.46000000 4.84853741
7.46040000 4.84853927
7.46080000 4.84856864
7.46120000 4.84856820
7.46160000 4.84856818
7.46200000 4.84857017
7.46240000 4.84862761
7.46280000 4.84863072
7.46320000 4.84865177
7.46360000 4.84871088
7.46400000 4.84873974
7.46440000 4.84877165
7.46480000 4.84880513
7.46520000 4.84880807
7.46560000 4.84875869
7.46600000 4.84870297
7.46640000 4.84866183
7.46680000 4.84860904
7.46720000 4.84857826
7.46760000 4.84855536
7.46800000 4.84853465
7.46840000 4.84850687
7.46880000 4.84850829
7.46920000 4.84844688
7.46960000 4.84839354
7.47000000 4.84830977
7.47040000 4.84821509
7.47080000 4.84817542
7.47120000 4.84815445
7.47160000 4.84801303
7.47200000 4.84784134
7.47240000 4.84770266
7.47280000 4.84757655
7.47320000 4.84748382
7.47360000 4.84737802
7.47400000 4.84724161
7.47440000 4.84704908
7.47480000 4.84683495
7.47520000 4.84660368
7.47560000 4.84632047
7.47600000 4.84611320
7.47640000 4.84591249
7.47680000 4.84577588
7.47720000 4.84562225
7.47760000 4.84548181
7.47800000 4.84538435
7.47840000 4.84531703
7.47880000 4.84523727
7.47920000 4.84527975
7.47960000 4.84522705
7.48000000 4.84520121
7.48040000 4.84511145
7.48080000 4.84503869
7.48120000 4.84498273
7.48160000 4.84491073
7.48200000 4.84485675
7.48240000 4.84480681
7.48280000 4.84471788
7.48320000 4.84463548
7.48360000 4.84453637
7.48400000 4.84442333
7.48440000 4.84440559
7.48480000 4.84445259
7.48520000 4.84442506
7.48560000 4.84438835
7.48600000 4.84427924
7.48640000 4.84420890
7.48680000 4.84414918
7.48720000 4.84405656
7.48760000 4.84403628
7.48800000 4.84401485
7.48840000 4.84401576
7.48880000 4.84403868
7.48920000 4.84404099
7.48960000 4.84399880
7.49000000 4.84400530
7.49040000 4.84396190
7.49080000 4.84390187
7.49120000 4.84396227
7.49160000 4.84400598
7.49200000 4.84398813
7.49240000 4.84390028
7.49280000 4.84378960
7.49320000 4.84370341
7.49360000 4.84363150
7.49400000 4.84357256
7.49440000 4.84352449
7.49480000 4.84347901
7.49520000 4.84341686
7.49560000 4.84335363
7.49600000 4.84332817
7.49640000 4.84330684
7.49680000 4.84330655
7.49720000 4.84327031
7.49760000 4.84320027
7.49800000 4.84308411
7.49840000 4.84302380
7.49880000 4.84297321
7.49920000 4.84302532
7.49960000 4.84305408
7.50000000 4.84311896
7.50040000 4.84318255
7.50080000 4.84326490
7.50120000 4.84334677
7.50160000 4.84336500
7.50200000 4.84338067
7.50240000 4.84339869
7.50280000 4.84340195
7.50320000 4.84342704
7.50360000 4.84342822
7.50400000 4.84340872
7.50440000 4.84336974
7.50480000 4.84335611
7.50520000 4.84333727
7.50560000 4.84338977
7.50600000 4.84349529
7.50640000 4.84359168
7.50680000 4.84371003
7.50720000 4.84379272
7.50760000 4.84384885
7.50800000 4.84385809
7.50840000 4.84383756
7.50880000 4.84384802
7.50920000 4.84391033
7.50960000 4.84396459
7.51000000 4.84402275
7.51040000 4.84409330
7.51080000 4.84417428
7.51120000 4.84422441
7.51160000 4.84435824
7.51200000 4.84451713
7.51240000 4.84465029
7.51280000 4.84479564
7.51320000 4.84493099
7.51360000 4.84507132
7.51400000 4.84525166
7.51440000 4.84546940
7.51480000 4.84567207
7.51520000 4.84587069
7.51560000 4.84607531
7.51600000 4.84623144
7.51640000 4.84637191
7.51680000 4.84651012
7.51720000 4.84672791
7.51760000 4.84688773
7.51800000 4.84707662
7.51840000 4.84721060
7.51880000 4.84728740
7.51920000 4.84738667
7.51960000 4.84756594
7.52000000 4.84772125
7.52040000 4.84790540
7.52080000 4.84805743
7.52120000 4.84815872
7.52160000 4.84827331
7.52200000 4.84838821
7.52240000 4.84850666
7.52280000 4.84862869
7.52320000 4.84868849
7.52360000 4.84878307
7.52400000 4.84887124
7.52440000 4.84909779
7.52480000 4.84933207
7.52520000 4.84962134
7.52560000 4.84992823
7.52600000 4.85023552
7.52640000 4.85050262
7.52680000 4.85078474
7.52720000 4.85107334
7.52760000 4.85133764
7.52800000 4.85159486
7.52840000 4.85179877
7.52880000 4.85198418
7.52920000 4.85213386
7.52960000 4.85232071
7.53000000 4.85249282
7.53040000 4.85272837
7.53080000 4.85297308
7.53120000 4.85323368
7.53160000 4.85352767
7.53200000 4.85381270
7.53240000 4.85409827
7.53280000 4.85438308
7.53320000 4.85465620
7.53360000 4.85494742
7.53400000 4.85519601
7.53440000 4.85541705
7.53480000 4.85563880
7.53520000 4.85589846
7.53560000 4.85617975
7.53600000 4.85645834
7.53640000 4.85670723
7.53680000 4.85695042
7.53720000 4.85720142
7.53760000 4.85748844
7.53800000 4.85780315
7.53840000 4.85810136
7.53880000 4.85835086
7.53920000 4.85861392
7.53960000 4.85885181
7.54000000 4.85907108
7.54040000 4.85923596
7.54080000 4.85938141
7.54120000 4.85952233
7.54160000 4.85966469
7.54200000 4.85982005
7.54240000 4.85998062
7.54280000 4.86018545
7.54320000 4.86037466
7.54360000 4.86052909
7.54400000 4.86071016
7.54440000 4.86088367
7.54480000 4.86107629
7.54520000 4.86127970
7.54560000 4.86144791
7.54600000 4.86160376
7.54640000 4.86177426
7.54680000 4.86184383
7.54720000 4.86199595
7.54760000 4.86218093
7.54800000 4.86242297
7.54840000 4.86267553
7.54880000 4.86283715
7.54920000 4.86299146
7.54960000 4.86315021
7.55000000 4.86329009
7.55040000 4.86343448
7.55080000 4.86355738
7.55120000 4.86369358
7.55160000 4.86382230
7.55200000 4.86395926
7.55240000 4.86408738
7.55280000 4.86422423
7.55320000 4.86433464
7.55360000 4.86444743
7.55400000 4.86453381
7.55440000 4.86465814
7.55480000 4.86477936
7.55520000 4.86489505
7.55560000 4.86503405
7.55600000 4.86519975
7.55640000 4.86550726
7.55680000 4.86577969
7.55720000 4.86598376
7.55760000 4.86625624
7.55800000 4.86650782
7.55840000 4.86674164
7.55880000 4.86698110
7.55920000 4.86721970
7.55960000 4.86744292
7.56000000 4.86769111
7.56040000 4.86790845
7.56080000 4.86815833
7.56120000 4.86846265
7.56160000 4.86876388
7.56200000 4.86908545
7.56240000 4.86939388
7.56280000 4.86969192
7.56320000 4.86998168
7.56360000 4.87027967
7.56400000 4.87058919
7.56440000 4.87069888
7.56480000 4.87085884
7.56520000 4.87102539
7.56560000 4.87117303
7.56600000 4.87132972
7.56640000 4.87149704
7.56680000 4.87170663
7.56720000 4.87190008
7.56760000 4.87209204
7.56800000 4.87235059
7.56840000 4.87261084
7.56880000 4.87283720
7.56920000 4.87307601
7.56960000 4.87323338
7.57000000 4.87339112
7.57040000 4.87350476
7.57080000 4.87365532
7.57120000 4.87378069
7.57160000 4.87388909
7.57200000 4.87401852
7.57240000 4.87413817
7.57280000 4.87421863
7.57320000 4.87429807
7.57360000 4.87436385
7.57400000 4.87447892
7.57440000 4.87461850
7.57480000 4.87474085
7.57520000 4.87482615
7.57560000 4.87493373
7.57600000 4.87489187
7.57640000 4.87484063
7.57680000 4.87479650
7.57720000 4.87474261
7.57760000 4.87470402
7.57800000 4.87461784
7.57840000 4.87446028
7.57880000 4.87438171
7.57920000 4.87430960
7.57960000 4.87428423
7.58000000 4.87424889
7.58040000 4.87427986
7.58080000 4.87429203
7.58120000 4.87431087
7.58160000 4.87438117
7.58200000 4.87444525
7.58240000 4.87449447
7.58280000 4.87442507
7.58320000 4.87436448
7.58360000 4.87434472
7.58400000 4.87433265
7.58440000 4.87432664
7.58480000 4.87427902
7.58520000 4.87426110
7.58560000 4.87422317
7.58600000 4.87417978
7.58640000 4.87414106
7.58680000 4.87419237
7.58720000 4.87424048
7.58760000 4.87428577
7.58800000 4.87433157
7.58840000 4.87434198
7.58880000 4.87444568
7.58920000 4.87456566
7.58960000 4.87467284
7.59000000 4.87479392
7.59040000 4.87487802
7.59080000 4.87495758
7.59120000 4.87505197
7.59160000 4.87513629
7.59200000 4.87523660
7.59240000 4.87537581
7.59280000 4.87548493
7.59320000 4.87560199
7.59360000 4.87571600
7.59400000 4.87579930
7.59440000 4.87584022
7.59480000 4.87597105
7.59520000 4.87607732
7.59560000 4.87617166
7.59600000 4.87619195
7.59640000 4.87605980
7.59680000 4.87587863
7.59720000 4.87574761
7.59760000 4.87568676
7.59800000 4.87562795
7.59840000 4.87559193
7.59880000 4.87556212
7.59920000 4.87552649
7.59960000 4.87549943
7.60000000 4.87543360
7.60040000 4.87536922
7.60080000 4.87532671
7.60120000 4.87527954
7.60160000 4.87523455
7.60200000 4.87517196
7.60240000 4.87513697
7.60280000 4.87515954
7.60320000 4.87516655
7.60360000 4.87518293
7.60400000 4.87518799
7.60440000 4.87520202
7.60480000 4.87514045
7.60520000 4.87508409
7.60560000 4.87502605
7.60600000 4.87490241
7.60640000 4.87479665
7.60680000 4.87465607
7.60720000 4.87451441
7.60760000 4.87439141
7.60800000 4.87420168
7.60840000 4.87405398
7.60880000 4.87390777
7.60920000 4.87378219
7.60960000 4.87370938
7.61000000 4.87365773
7.61040000 4.87360620
7.61080000 4.87355177
7.61120000 4.87348164
7.61160000 4.87345043
7.61200000 4.87339329
7.61240000 4.87334426
7.61280000 4.87330944
7.61320000 4.87331208
7.61360000 4.87327705
7.61400000 4.87324742
7.61440000 4.87323687
7.61480000 4.87318647
7.61520000 4.87323075
7.61560000 4.87323253
7.61600000 4.87337179
7.61640000 4.87351079
7.61680000 4.87363171
7.61720000 4.87374394
7.61760000 4.87376984
7.61800000 4.87382194
7.61840000 4.87391333
7.61880000 4.87394962
7.61920000 4.87398968
7.61960000 4.87411812
7.62000000 4.87426789
7.62040000 4.87437163
7.62080000 4.87445144
7.62120000 4.87449553
7.62160000 4.87454948
7.62200000 4.87462322
7.62240000 4.87473743
7.62280000 4.87496480
7.62320000 4.87519042
7.62360000 4.87535600
7.62400000 4.87546799
7.62440000 4.87559575
7.62480000 4.87575623
7.62520000 4.87594921
7.62560000 4.87615706
7.62600000 4.87638501
7.62640000 4.87665230
7.62680000 4.87691734
7.62720000 4.87709458
7.62760000 4.87722934
7.62800000 4.87733946
7.62840000 4.87751185
7.62880000 4.87766379
7.62920000 4.87773870
7.62960000 4.87786163
7.63000000 4.87801582
7.63040000 4.87817568
7.63080000 4.87841004
7.63120000 4.87856371
7.63160000 4.87869854
7.63200000 4.87882251
7.63240000 4.87891491
7.63280000 4.87904429
7.63320000 4.87917894
7.63360000 4.87931369
7.63400000 4.87951394
7.63440000 4.87979052
7.63480000 4.88012785
7.63520000 4.88047920
7.63560000 4.88079488
7.63600000 4.88112346
7.63640000 4.88150734
7.63680000 4.88183600
7.63720000 4.88216332
7.63760000 4.88236824
7.63800000 4.88256983
7.63840000 4.88279244
7.63880000 4.88303560
7.63920000 4.88328089
7.63960000 4.88351117
7.64000000 4.88378978
7.64040000 4.88413275
7.64080000 4.88443044
7.64120000 4.88467397
7.64160000 4.88489836
7.64200000 4.88510304
7.64240000 4.88530512
7.64280000 4.88546600
7.64320000 4.88565111
7.64360000 4.88573536
7.64400000 4.88586237
7.64440000 4.88603305
7.64480000 4.88613719
7.64520000 4.88628501
7.64560000 4.88641513
7.64600000 4.88656816
7.64640000 4.88672149
7.64680000 4.88687145
7.64720000 4.88712985
7.64760000 4.88740337
7.64800000 4.88766678
7.64840000 4.88788579
7.64880000 4.88812038
7.64920000 4.88833696
7.64960000 4.88858335
7.65000000 4.88884833
7.65040000 4.88908316
7.65080000 4.88928910
7.65120000 4.88949795
7.65160000 4.88967612
7.65200000 4.88988958
7.65240000 4.89010181
7.65280000 4.89034733
7.65320000 4.89052971
7.65360000 4.89085118
7.65400000 4.89115237
7.65440000 4.89140872
7.65480000 4.89164727
7.65520000 4.89183287
7.65560000 4.89207830
7.65600000 4.89235462
7.65640000 4.89263595
7.65680000 4.89286019
7.65720000 4.89311505
7.65760000 4.89345311
7.65800000 4.89380402
7.65840000 4.89411457
7.65880000 4.89448561
7.65920000 4.89484014
7.65960000 4.89508477
7.66000000 4.89531394
7.66040000 4.89556651
7.66080000 4.89587435
7.66120000 4.89617984
7.66160000 4.89649245
7.66200000 4.89677062
7.66240000 4.89698412
7.66280000 4.89717239
7.66320000 4.89736197
7.66360000 4.89762612
7.66400000 4.89794660
7.66440000 4.89826959
7.66480000 4.89854160
7.66520000 4.89873230
7.66560000 4.89890872
7.66600000 4.89907842
7.66640000 4.89915650
7.66680000 4.89925781
7.66720000 4.89938319
7.66760000 4.89953976
7.66800000 4.89968280
7.66840000 4.89983679
7.66880000 4.90006416
7.66920000 4.90034926
7.66960000 4.90060453
7.67000000 4.90078120
7.67040000 4.90092839
7.67080000 4.90098071
7.67120000 4.90108307
7.67160000 4.90124206
7.67200000 4.90138024
7.67240000 4.90150589
7.67280000 4.90167027
7.67320000 4.90178113
7.67360000 4.90190455
7.67400000 4.90197123
7.67440000 4.90198807
7.67480000 4.90191591
7.67520000 4.90184560
7.67560000 4.90184045
7.67600000 4.90183537
7.67640000 4.90184733
7.67680000 4.90198379
7.67720000 4.90205095
7.67760000 4.90217793
7.67800000 4.90230975
7.67840000 4.90250020
7.67880000 4.90271311
7.67920000 4.90287001
7.67960000 4.90304041
7.68000000 4.90322498
7.68040000 4.90332892
7.68080000 4.90346830
7.68120000 4.90365687
7.68160000 4.90387601
7.68200000 4.90407083
7.68240000 4.90427367
7.68280000 4.90453006
7.68320000 4.90470321
7.68360000 4.90491110
7.68400000 4.90506556
7.68440000 4.90524108
7.68480000 4.90546804
7.68520000 4.90562375
7.68560000 4.90583722
7.68600000 4.90610536
7.68640000 4.90639499
7.68680000 4.90669670
7.68720000 4.90689353
7.68760000 4.90708244
7.68800000 4.90723632
7.68840000 4.90739326
7.68880000 4.90759182
7.68920000 4.90785463
7.68960000 4.90807197
7.69000000 4.90820696
7.69040000 4.90841916
7.69080000 4.90864394
7.69120000 4.90879746
7.69160000 4.90892821
7.69200000 4.90905168
7.69240000 4.90915524
7.69280000 4.90924886
7.69320000 4.90938429
7.69360000 4.90942356
7.69400000 4.90947175
7.69440000 4.90953546
7.69480000 4.90972045
7.69520000 4.90997175
7.69560000 4.91018303
7.69600000 4.91028467
7.69640000 4.91040926
7.69680000 4.91057622
7.69720000 4.91073351
7.69760000 4.91087296
7.69800000 4.91101226
7.69840000 4.91121232
7.69880000 4.91135642
7.69920000 4.91149847
7.69960000 4.91166814
7.70000000 4.91178206
7.70040000 4.91188721
7.70080000 4.91193815
7.70120000 4.91196996
7.70160000 4.91199375
7.70200000 4.91201208
7.70240000 4.91205997
7.70280000 4.91208582
7.70320000 4.91209023
7.70360000 4.91208168
7.70400000 4.91213124
7.70440000 4.91213722
7.70480000 4.91220766
7.70520000 4.91229199
7.70560000 4.91238062
7.70600000 4.91247846
7.70640000 4.91260280
7.70680000 4.91267562
7.70720000 4.91281433
7.70760000 4.91290798
7.70800000 4.91307154
7.70840000 4.91321627
7.70880000 4.91327878
7.70920000 4.91335487
7.70960000 4.91341841
7.71000000 4.91360171
7.71040000 4.91384065
7.71080000 4.91406088
7.71120000 4.91427426
7.71160000 4.91445695
7.71200000 4.91462178
7.71240000 4.91475117
7.71280000 4.91485330
7.71320000 4.91501632
7.71360000 4.91517318
7.71400000 4.91538036
7.71440000 4.91563642
7.71480000 4.91583690
7.71520000 4.91600920
7.71560000 4.91614192
7.71600000 4.91625017
7.71640000 4.91636016
7.71680000 4.91643195
7.71720000 4.91662518
7.71760000 4.91675522
7.71800000 4.91683525
7.71840000 4.91685501
7.71880000 4.91682904
7.71920000 4.91683892
7.71960000 4.91686569
7.72000000 4.91690507
7.72040000 4.91696441
7.72080000 4.91708503
7.72120000 4.91719851
7.72160000 4.91726761
7.72200000 4.91734182
7.72240000 4.91745503
7.72280000 4.91748480
7.72320000 4.91757282
7.72360000 4.91769419
7.72400000 4.91783869
7.72440000 4.91789806
7.72480000 4.91798758
7.72520000 4.91809132
7.72560000 4.91819066
7.72600000 4.91831517
7.72640000 4.91839867
7.72680000 4.91848214
7.72720000 4.91856070
7.72760000 4.91860619
7.72800000 4.91871572
7.72840000 4.91882867
7.72880000 4.91898086
7.72920000 4.91904998
7.72960000 4.91908589
7.73000000 4.91917575
7.73040000 4.91923484
7.73080000 4.91932799
7.73120000 4.91955525
7.73160000 4.91977675
7.73200000 4.91995399
7.73240000 4.92025119
7.73280000 4.92053104
7.73320000 4.92080682
7.73360000 4.92109306
7.73400000 4.92136647
7.73440000 4.92161945
7.73480000 4.92182265
7.73520000 4.92196749
7.73560000 4.92206996
7.73600000 4.92220893
7.73640000 4.92233145
7.73680000 4.92249655
7.73720000 4.92263809
7.73760000 4.92276629
7.73800000 4.92292210
7.73840000 4.92293300
7.73880000 4.92304192
7.73920000 4.92315347
7.73960000 4.92327823
7.74000000 4.92341828
7.74040000 4.92354058
7.74080000 4.92371096
7.74120000 4.92386787
7.74160000 4.92398646
7.74200000 4.92408694
7.74240000 4.92425107
7.74280000 4.92447966
7.74320000 4.92470202
7.74360000 4.92490097
7.74400000 4.92505331
7.74440000 4.92520872
7.74480000 4.92533932
7.74520000 4.92552018
7.74560000 4.92568888
7.74600000 4.92583944
7.74640000 4.92600486
7.74680000 4.92618688
7.74720000 4.92628303
7.74760000 4.92641115
7.74800000 4.92653110
7.74840000 4.92659931
7.74880000 4.92679472
7.74920000 4.92697903
7.74960000 4.92710256
7.75000000 4.92715557
7.75040000 4.92722764
7.75080000 4.92733830
7.75120000 4.92748456
7.75160000 4.92763168
7.75200000 4.92777746
7.75240000 4.92798250
7.75280000 4.92826449
7.75320000 4.92851081
7.75360000 4.92874559
7.75400000 4.92895576
7.75440000 4.92909801
7.75480000 4.92923847
7.75520000 4.92937708
7.75560000 4.92957914
7.75600000 4.92981160
7.75640000 4.93001304
7.75680000 4.93023855
7.75720000 4.93041534
7.75760000 4.93062532
7.75800000 4.93088587
7.75840000 4.93112241
7.75880000 4.93136918
7.75920000 4.93157543
7.75960000 4.93171616
7.76000000 4.93182079
7.76040000 4.93193943
7.76080000 4.93198223
7.76120000 4.93206561
7.76160000 4.93218211
7.76200000 4.93230346
7.76240000 4.93239148
7.76280000 4.93254525
7.76320000 4.93274392
7.76360000 4.93292770
7.76400000 4.93311373
7.76440000 4.93329697
7.76480000 4.93354661
7.76520000 4.93380890
7.76560000 4.93406920
7.76600000 4.93430937
7.76640000 4.93454902
7.76680000 4.93476185
7.76720000 4.93501885
7.76760000 4.93528479
7.76800000 4.93554517
7.76840000 4.93580988
7.76880000 4.93600004
7.76920000 4.93618806
7.76960000 4.93645706
7.77000000 4.93671750
7.77040000 4.93693795
7.77080000 4.93708593
7.77120000 4.93714990
7.77160000 4.93720920
7.77200000 4.93725319
7.77240000 4.93723036
7.77280000 4.93726108
7.77320000 4.93730648
7.77360000 4.93729185
7.77400000 4.93727729
7.77440000 4.93729466
7.77480000 4.93732807
7.77520000 4.93731155
7.77560000 4.93733620
7.77600000 4.93740468
7.77640000 4.93747783
7.77680000 4.93753823
7.77720000 4.93758301
7.77760000 4.93763479
7.77800000 4.93766155
7.77840000 4.93785000
7.77880000 4.93796869
7.77920000 4.93808532
7.77960000 4.93816780
7.78000000 4.93829594
7.78040000 4.93843867
7.78080000 4.93852289
7.78120000 4.93868796
7.78160000 4.93887793
7.78200000 4.93913556
7.78240000 4.93937557
7.78280000 4.93953563
7.78320000 4.93970340
7.78360000 4.93987122
7.78400000 4.93997949
7.78440000 4.94011695
7.78480000 4.94025722
7.78520000 4.94033257
7.78560000 4.94047885
7.78600000 4.94062542
7.78640000 4.94074966
7.78680000 4.94092669
7.78720000 4.94115570
7.78760000 4.94139190
7.78800000 4.94153637
7.78840000 4.94169790
7.78880000 4.94170751
7.78920000 4.94176974
7.78960000 4.94187605
7.79000000 4.94199051
7.79040000 4.94213899
7.79080000 4.94226724
7.79120000 4.94241408
7.79160000 4.94249910
7.79200000 4.94263169
7.79240000 4.94279186
7.79280000 4.94285890
7.79320000 4.94301119
7.79360000 4.94316867
7.79400000 4.94335866
7.79440000 4.94358157
7.79480000 4.94378496
7.79520000 4.94399169
7.79560000 4.94417338
7.79600000 4.94440238
7.79640000 4.94465149
7.79680000 4.94485838
7.79720000 4.94502642
7.79760000 4.94520749
7.79800000 4.94534648
7.79840000 4.94548285
7.79880000 4.94566328
7.79920000 4.94585535
7.79960000 4.94608520
7.80000000 4.94638618
7.80040000 4.94666372
7.80080000 4.94688942
7.80120000 4.94709481
7.80160000 4.94729989
7.80200000 4.94749437
7.80240000 4.94764110
7.80280000 4.94777329
7.80320000 4.94797476
7.80360000 4.94817063
7.80400000 4.94838552
7.80440000 4.94864055
7.80480000 4.94884007
7.80520000 4.94898194
7.80560000 4.94913230
7.80600000 4.94927311
7.80640000 4.94941916
7.80680000 4.94957066
7.80720000 4.94970070
7.80760000 4.94984816
7.80800000 4.95002272
7.80840000 4.95019930
7.80880000 4.95036522
7.80920000 4.95057803
7.80960000 4.95071158
7.81000000 4.95085089
7.81040000 4.95104237
7.81080000 4.95126424
7.81120000 4.95145632
7.81160000 4.95170991
7.81200000 4.95199645
7.81240000 4.95230827
7.81280000 4.95255421
7.81320000 4.95272167
7.81360000 4.95297174
7.81400000 4.95324348
7.81440000 4.95351550
7.81480000 4.95374693
7.81520000 4.95403841
7.81560000 4.95437464
7.81600000 4.95463598
7.81640000 4.95492134
7.81680000 4.95517113
7.81720000 4.95542907
7.81760000 4.95567356
7.81800000 4.95585476
7.81840000 4.95603785
7.81880000 4.95619707
7.81920000 4.95634264
7.81960000 4.95655517
7.82000000 4.95675032
7.82040000 4.95696705
7.82080000 4.95723426
7.82120000 4.95753508
7.82160000 4.95782914
7.82200000 4.95801383
7.82240000 4.95815602
7.82280000 4.95829694
7.82320000 4.95850902
7.82360000 4.95875571
7.82400000 4.95903214
7.82440000 4.95932259
7.82480000 4.95961236
7.82520000 4.95992482
7.82560000 4.96017429
7.82600000 4.96046247
7.82640000 4.96069198
7.82680000 4.96087920
7.82720000 4.96109055
7.82760000 4.96124898
7.82800000 4.96145500
7.82840000 4.96161364
7.82880000 4.96176841
7.82920000 4.96185846
7.82960000 4.96194349
7.83000000 4.96203506
7.83040000 4.96210107
7.83080000 4.96216989
7.83120000 4.96218395
7.83160000 4.96225347
7.83200000 4.96224956
7.83240000 4.96225541
7.83280000 4.96227763
7.83320000 4.96219383
7.83360000 4.96209976
7.83400000 4.96200366
7.83440000 4.96188568
7.83480000 4.96179232
7.83520000 4.96169194
7.83560000 4.96153189
7.83600000 4.96132908
7.83640000 4.96106870
7.83680000 4.96086590
7.83720000 4.96067887
7.83760000 4.96051066
7.83800000 4.96036610
7.83840000 4.96021573
7.83880000 4.96009749
7.83920000 4.96003159
7.83960000 4.96000785
7.84000000 4.95996159
7.84040000 4.95998530
7.84080000 4.96007045
7.84120000 4.96008205
7.84160000 4.96010078
7.84200000 4.96014151
7.84240000 4.96022128
7.84280000 4.96025326
7.84320000 4.96017660
7.84360000 4.96009681
7.84400000 4.96003212
7.84440000 4.95993639
7.84480000 4.95984492
7.84520000 4.95979677
7.84560000 4.95970119
7.84600000 4.95960947
7.84640000 4.95952273
7.84680000 4.95943960
7.84720000 4.95937724
7.84760000 4.95931983
7.84800000 4.95924137
7.84840000 4.95915575
7.84880000 4.95908283
7.84920000 4.95898422
7.84960000 4.95889069
7.85000000 4.95879589
7.85040000 4.95874526
7.85080000 4.95870212
7.85120000 4.95867631
7.85160000 4.95860518
7.85200000 4.95854794
7.85240000 4.95844868
7.85280000 4.95838303
7.85320000 4.95847191
7.85360000 4.95854333
7.85400000 4.95857471
7.85440000 4.95859269
7.85480000 4.95859576
7.85520000 4.95852239
7.85560000 4.95841326
7.85600000 4.95838862
7.85640000 4.95836715
7.85680000 4.95836344
7.85720000 4.95839937
7.85760000 4.95847985
7.85800000 4.95860601
7.85840000 4.95869311
7.85880000 4.95876011
7.85920000 4.95889170
7.85960000 4.95897836
7.86000000 4.95904498
7.86040000 4.95904192
7.86080000 4.95897570
7.86120000 4.95885337
7.86160000 4.95871829
7.86200000 4.95866941
7.86240000 4.95864337
7.86280000 4.95864460
7.86320000 4.95860768
7.86360000 4.95852871
7.86400000 4.95842311
7.86440000 4.95831038
7.86480000 4.95813067
7.86520000 4.95795479
7.86560000 4.95782278
7.86600000 4.95765180
7.86640000 4.95756362
7.86680000 4.95750627
7.86720000 4.95736893
7.86760000 4.95730218
7.86800000 4.95728367
7.86840000 4.95737697
7.86880000 4.95751756
7.86920000 4.95768087
7.86960000 4.95781000
7.87000000 4.95789676
7.87040000 4.95791852
7.87080000 4.95799297
7.87120000 4.95804965
7.87160000 4.95809254
7.87200000 4.95820950
7.87240000 4.95828975
7.87280000 4.95837501
7.87320000 4.95852575
7.87360000 4.95863796
7.87400000 4.95875219
7.87440000 4.95886572
7.87480000 4.95896754
7.87520000 4.95911015
7.87560000 4.95932432
7.87600000 4.95952470
7.87640000 4.95972927
7.87680000 4.95995048
7.87720000 4.96016196
7.87760000 4.96039821
7.87800000 4.96067282
7.87840000 4.96091277
7.87880000 4.96110295
7.87920000 4.96127058
7.87960000 4.96139288
7.88000000 4.96150325
7.88040000 4.96158773
7.88080000 4.96161153
7.88120000 4.96166349
7.88160000 4.96162263
7.88200000 4.96154802
7.88240000 4.96145294
7.88280000 4.96139710
7.88320000 4.96137846
7.88360000 4.96138917
7.88400000 4.96136295
7.88440000 4.96134322
7.88480000 4.96132874
7.88520000 4.96131089
7.88560000 4.96126524
7.88600000 4.96123946
7.88640000 4.96118266
7.88680000 4.96112051
7.88720000 4.96100170
7.88760000 4.96089348
7.88800000 4.96084694
7.88840000 4.96082084
7.88880000 4.96083106
7.88920000 4.96084983
7.88960000 4.96092367
7.89000000 4.96095950
7.89040000 4.96092766
7.89080000 4.96092246
7.89120000 4.96098791
7.89160000 4.96107433
7.89200000 4.96109579
7.89240000 4.96110509
7.89280000 4.96111347
7.89320000 4.96102802
7.89360000 4.96096151
7.89400000 4.96092466
7.89440000 4.96085903
7.89480000 4.96085310
7.89520000 4.96089401
7.89560000 4.96092030
7.89600000 4.96090450
7.89640000 4.96088830
7.89680000 4.96088176
7.89720000 4.96084557
7.89760000 4.96083316
7.89800000 4.96080920
7.89840000 4.96075338
7.89880000 4.96074966
7.89920000 4.96067826
7.89960000 4.96057580
7.90000000 4.96052153
7.90040000 4.96054487
7.90080000 4.96059721
7.90120000 4.96063657
7.90160000 4.96069593
7.90200000 4.96074466
7.90240000 4.96080707
7.90280000 4.96085768
7.90320000 4.96093745
7.90360000 4.96101892
7.90400000 4.96105904
7.90440000 4.96111553
7.90480000 4.96119702
7.90520000 4.96126776
7.90560000 4.96138593
7.90600000 4.96149560
7.90640000 4.96160051
7.90680000 4.96167894
7.90720000 4.96187329
7.90760000 4.96203316
7.90800000 4.96212394
7.90840000 4.96210033
7.90880000 4.96210123
7.90920000 4.96214967
7.90960000 4.96224881
7.91000000 4.96233899
7.91040000 4.96250306
7.91080000 4.96270790
7.91120000 4.96292861
7.91160000 4.96316119
7.91200000 4.96334228
7.91240000 4.96354554
7.91280000 4.96366914
7.91320000 4.96381844
7.91360000 4.96401695
7.91400000 4.96422599
7.91440000 4.96445414
7.91480000 4.96474446
7.91520000 4.96498970
7.91560000 4.96511927
7.91600000 4.96526814
7.91640000 4.96552472
7.91680000 4.96575120
7.91720000 4.96596782
7.91760000 4.96613441
7.91800000 4.96620854
7.91840000 4.96634449
7.91880000 4.96644932
7.91920000 4.96650837
7.91960000 4.96658464
7.92000000 4.96661765
7.92040000 4.96664773
7.92080000 4.96676331
7.92120000 4.96692238
7.92160000 4.96714369
7.92200000 4.96738167
7.92240000 4.96767675
7.92280000 4.96792099
7.92320000 4.96813355
7.92360000 4.96834804
7.92400000 4.96861056
7.92440000 4.96887340
7.92480000 4.96911047
7.92520000 4.96941139
7.92560000 4.96976439
7.92600000 4.97008079
7.92640000 4.97041975
7.92680000 4.97073413
7.92720000 4.97106316
7.92760000 4.97140171
7.92800000 4.97163997
7.92840000 4.97188998
7.92880000 4.97209575
7.92920000 4.97230287
7.92960000 4.97249815
7.93000000 4.97272423
7.93040000 4.97297816
7.93080000 4.97322681
7.93120000 4.97343882
7.93160000 4.97361706
7.93200000 4.97383257
7.93240000 4.97404763
7.93280000 4.97425600
7.93320000 4.97448040
7.93360000 4.97466585
7.93400000 4.97483485
7.93440000 4.97503849
7.93480000 4.97519822
7.93520000 4.97538548
7.93560000 4.97562202
7.93600000 4.97590214
7.93640000 4.97622824
7.93680000 4.97654205
7.93720000 4.97683372
7.93760000 4.97704335
7.93800000 4.97730301
7.93840000 4.97755308
7.93880000 4.97776633
7.93920000 4.97799751
7.93960000 4.97825615
7.94000000 4.97849382
7.94040000 4.97871859
7.94080000 4.97898926
7.94120000 4.97930367
7.94160000 4.97964861
7.94200000 4.97998956
7.94240000 4.98023869
7.94280000 4.98048014
7.94320000 4.98066493
7.94360000 4.98086188
7.94400000 4.98115943
7.94440000 4.98142638
7.94480000 4.98174999
7.94520000 4.98207045
7.94560000 4.98231666
7.94600000 4.98258080
7.94640000 4.98286792
7.94680000 4.98313078
7.94720000 4.98329722
7.94760000 4.98341585
7.94800000 4.98354747
7.94840000 4.98372407
7.94880000 4.98391526
7.94920000 4.98401687
7.94960000 4.98415017
7.95000000 4.98430624
7.95040000 4.98445069
7.95080000 4.98451103
7.95120000 4.98463529
7.95160000 4.98474608
7.95200000 4.98489865
7.95240000 4.98500531
7.95280000 4.98517070
7.95320000 4.98528343
7.95360000 4.98545199
7.95400000 4.98548525
7.95440000 4.98550410
7.95480000 4.98551391
7.95520000 4.98549530
7.95560000 4.98562915
7.95600000 4.98578731
7.95640000 4.98585517
7.95680000 4.98586082
7.95720000 4.98589929
7.95760000 4.98597061
7.95800000 4.98607935
7.95840000 4.98620275
7.95880000 4.98636223
7.95920000 4.98656547
7.95960000 4.98676207
7.96000000 4.98697431
7.96040000 4.98719355
7.96080000 4.98736048
7.96120000 4.98749288
7.96160000 4.98757726
7.96200000 4.98771306
7.96240000 4.98781858
7.96280000 4.98795476
7.96320000 4.98805721
7.96360000 4.98817412
7.96400000 4.98825480
7.96440000 4.98836981
7.96480000 4.98844505
7.96520000 4.98845033
7.96560000 4.98844570
7.96600000 4.98848539
7.96640000 4.98852632
7.96680000 4.98859202
7.96720000 4.98871363
7.96760000 4.98879618
7.96800000 4.98892580
7.96840000 4.98909126
7.96880000 4.98925748
7.96920000 4.98935043
7.96960000 4.98946908
7.97000000 4.98953858
7.97040000 4.98958307
7.97080000 4.98963979
7.97120000 4.98972014
7.97160000 4.98978901
7.97200000 4.98986266
7.97240000 4.98993565
7.97280000 4.99005162
7.97320000 4.99017415
7.97360000 4.99032202
7.97400000 4.99047080
7.97440000 4.99060942
7.97480000 4.99078496
7.97520000 4.99093762
7.97560000 4.99106106
7.97600000 4.99120315
7.97640000 4.99129693
7.97680000 4.99137962
7.97720000 4.99147290
7.97760000 4.99159431
7.97800000 4.99163880
7.97840000 4.99171053
7.97880000 4.99180070
7.97920000 4.99190581
7.97960000 4.99203495
7.98000000 4.99214584
7.98040000 4.99224018
7.98080000 4.99234945
7.98120000 4.99241231
7.98160000 4.99241241
7.98200000 4.99241256
7.98240000 4.99250616
7.98280000 4.99260269
7.98320000 4.99273738
7.98360000 4.99286863
7.98400000 4.99295897
7.98440000 4.99306536
7.98480000 4.99311039
7.98520000 4.99315568
7.98560000 4.99326371
7.98600000 4.99340410
7.98640000 4.99353334
7.98680000 4.99366751
7.98720000 4.99382157
7.98760000 4.99402922
7.98800000 4.99419841
7.98840000 4.99436663
7.98880000 4.99450830
7.98920000 4.99463651
7.98960000 4.99477415
7.99000000 4.99492933
7.99040000 4.99508786
7.99080000 4.99530771
7.99120000 4.99543797
7.99160000 4.99560579
7.99200000 4.99573581
7.99240000 4.99587700
7.99280000 4.99599437
7.99320000 4.99610472
7.99360000 4.99616620
7.99400000 4.99633713
7.99440000 4.99650406
7.99480000 4.99663704
7.99520000 4.99683222
7.99560000 4.99696430
7.99600000 4.99702648
7.99640000 4.99710974
7.99680000 4.99725632
7.99720000 4.99739888
7.99760000 4.99757805
7.99800000 4.99776523
7.99840000 4.99799411
7.99880000 4.99819422
7.99920000 4.99834031
7.99960000 4.99845061
8.00000000 4.99855218
8.00040000 4.99868231
8.00080000 4.99880603
8.00120000 4.99898349
8.00160000 4.99929724
8.00200000 4.99959334
8.00240000 4.99986453
8.00280000 5.00010076
8.00320000 5.00033753
8.00360000 5.00052308
8.00400000 5.00071666
8.00440000 5.00088508
8.00480000 5.00111355
8.00520000 5.00137464
8.00560000 5.00161311
8.00600000 5.00181637
8.00640000 5.00205001
8.00680000 5.00227267
8.00720000 5.00243869
8.00760000 5.00260827
8.00800000 5.00278218
8.00840000 5.00293645
8.00880000 5.00311847
8.00920000 5.00332017
8.00960000 5.00353333
8.01000000 5.00378036
8.01040000 5.00398334
8.01080000 5.00413242
8.01120000 5.00429120
8.01160000 5.00443741
8.01200000 5.00459705
8.01240000 5.00487196
8.01280000 5.00509551
8.01320000 5.00535832
8.01360000 5.00556156
8.01400000 5.00575642
8.01440000 5.00585062
8.01480000 5.00591428
8.01520000 5.00603276
8.01560000 5.00619281
8.01600000 5.00622688
8.01640000 5.00621212
8.01680000 5.00624206
8.01720000 5.00633771
8.01760000 5.00648306
8.01800000 5.00666412
8.01840000 5.00686261
8.01880000 5.00702604
8.01920000 5.00715879
8.01960000 5.00727255
8.02000000 5.00739041
8.02040000 5.00749048
8.02080000 5.00759821
8.02120000 5.00777238
8.02160000 5.00797714
8.02200000 5.00815842
8.02240000 5.00829582
8.02280000 5.00845936
8.02320000 5.00866194
8.02360000 5.00883009
8.02400000 5.00897656
8.02440000 5.00909655
8.02480000 5.00929147
8.02520000 5.00949971
8.02560000 5.00967465
8.02600000 5.00980522
8.02640000 5.00988324
8.02680000 5.01003516
8.02720000 5.01016397
8.02760000 5.01027793
8.02800000 5.01044537
8.02840000 5.01057996
8.02880000 5.01074526
8.02920000 5.01095542
8.02960000 5.01113484
8.03000000 5.01132794
8.03040000 5.01155214
8.03080000 5.01172433
8.03120000 5.01193374
8.03160000 5.01209836
8.03200000 5.01228802
8.03240000 5.01247285
8.03280000 5.01266335
8.03320000 5.01283805
8.03360000 5.01298689
8.03400000 5.01316351
8.03440000 5.01336518
8.03480000 5.01361162
8.03520000 5.01385765
8.03560000 5.01407249
8.03600000 5.01425521
8.03640000 5.01447245
8.03680000 5.01473591
8.03720000 5.01497648
8.03760000 5.01509039
8.03800000 5.01524163
8.03840000 5.01534643
8.03880000 5.01544719
8.03920000 5.01557204
8.03960000 5.01572819
8.04000000 5.01588952
8.04040000 5.01594015
8.04080000 5.01603333
8.04120000 5.01610586
8.04160000 5.01614173
8.04200000 5.01615561
8.04240000 5.01616675
8.04280000 5.01626876
8.04320000 5.01642277
8.04360000 5.01656233
8.04400000 5.01671445
8.04440000 5.01689735
8.04480000 5.01704042
8.04520000 5.01716867
8.04560000 5.01736741
8.04600000 5.01754813
8.04640000 5.01771645
8.04680000 5.01788461
8.04720000 5.01808488
8.04760000 5.01832283
8.04800000 5.01855851
8.04840000 5.01866877
8.04880000 5.01877014
8.04920000 5.01894256
8.04960000 5.01907643
8.05000000 5.01922542
8.05040000 5.01946931
8.05080000 5.01968803
8.05120000 5.01983433
8.05160000 5.02003056
8.05200000 5.02024157
8.05240000 5.02031250
8.05280000 5.02037667
8.05320000 5.02040355
8.05360000 5.02048249
8.05400000 5.02054307
8.05440000 5.02069010
8.05480000 5.02086161
8.05520000 5.02094486
8.05560000 5.02097373
8.05600000 5.02109075
8.05640000 5.02125880
8.05680000 5.02139842
8.05720000 5.02150311
8.05760000 5.02151738
8.05800000 5.02152420
8.05840000 5.02155254
8.05880000 5.02158207
8.05920000 5.02171378
8.05960000 5.02184896
8.06000000 5.02202260
8.06040000 5.02220061
8.06080000 5.02235152
8.06120000 5.02245766
8.06160000 5.02255749
8.06200000 5.02266153
8.06240000 5.02273981
8.06280000 5.02280779
8.06320000 5.02282016
8.06360000 5.02291044
8.06400000 5.02306630
8.06440000 5.02323466
8.06480000 5.02332890
8.06520000 5.02338804
8.06560000 5.02344856
8.06600000 5.02354093
8.06640000 5.02357568
8.06680000 5.02354586
8.06720000 5.02357661
8.06760000 5.02359628
8.06800000 5.02368423
8.06840000 5.02382412
8.06880000 5.02387897
8.06920000 5.02399176
8.06960000 5.02409215
8.07000000 5.02418686
8.07040000 5.02428843
8.07080000 5.02438326
8.07120000 5.02451438
8.07160000 5.02465013
8.07200000 5.02472334
8.07240000 5.02481831
8.07280000 5.02492927
8.07320000 5.02508318
8.07360000 5.02521049
8.07400000 5.02528500
8.07440000 5.02531723
8.07480000 5.02533754
8.07520000 5.02534511
8.07560000 5.02540947
8.07600000 5.02556497
8.07640000 5.02575461
8.07680000 5.02590604
8.07720000 5.02604202
8.07760000 5.02621196
8.07800000 5.02633576
8.07840000 5.02644302
8.07880000 5.02653110
8.07920000 5.02667437
8.07960000 5.02678432
8.08000000 5.02690350
8.08040000 5.02706849
8.08080000 5.02721736
8.08120000 5.02736187
8.08160000 5.02745574
8.08200000 5.02753144
8.08240000 5.02764338
8.08280000 5.02781959
8.08320000 5.02799027
8.08360000 5.02818785
8.08400000 5.02834528
8.08440000 5.02850414
8.08480000 5.02866603
8.08520000 5.02878156
8.08560000 5.02883158
8.08600000 5.02889387
8.08640000 5.02895935
8.08680000 5.02911527
8.08720000 5.02924753
8.08760000 5.02930878
8.08800000 5.02943511
8.08840000 5.02964592
8.08880000 5.02984813
8.08920000 5.03001332
8.08960000 5.03017582
8.09000000 5.03032616
8.09040000 5.03041649
8.09080000 5.03051069
8.09120000 5.03061389
8.09160000 5.03070284
8.09200000 5.03079605
8.09240000 5.03093533
8.09280000 5.03098458
8.09320000 5.03105332
8.09360000 5.03114263
8.09400000 5.03125254
8.09440000 5.03137082
8.09480000 5.03149440
8.09520000 5.03162179
8.09560000 5.03175944
8.09600000 5.03190222
8.09640000 5.03203355
8.09680000 5.03216790
8.09720000 5.03229033
8.09760000 5.03240485
8.09800000 5.03254361
8.09840000 5.03270589
8.09880000 5.03288943
8.09920000 5.03297548
8.09960000 5.03304943
8.10000000 5.03308117
8.10040000 5.03311780
8.10080000 5.03312170
8.10120000 5.03313765
8.10160000 5.03315433
8.10200000 5.03320522
8.10240000 5.03328494
8.10280000 5.03340358
8.10320000 5.03349839
8.10360000 5.03357366
8.10400000 5.03363115
8.10440000 5.03370126
8.10480000 5.03381805
8.10520000 5.03397826
8.10560000 5.03411159
8.10600000 5.03421697
8.10640000 5.03437140
8.10680000 5.03455662
8.10720000 5.03472686
8.10760000 5.03490333
8.10800000 5.03503909
8.10840000 5.03521838
8.10880000 5.03545356
8.10920000 5.03563281
8.10960000 5.03579502
8.11000000 5.03595145
8.11040000 5.03602787
8.11080000 5.03609875
8.11120000 5.03613516
8.11160000 5.03618842
8.11200000 5.03634003
8.11240000 5.03647785
8.11280000 5.03658910
8.11320000 5.03666251
8.11360000 5.03681587
8.11400000 5.03694165
8.11440000 5.03708666
8.11480000 5.03712365
8.11520000 5.03731762
8.11560000 5.03747205
8.11600000 5.03761785
8.11640000 5.03769389
8.11680000 5.03769579
8.11720000 5.03773118
8.11760000 5.03781646
8.11800000 5.03794460
8.11840000 5.03810142
8.11880000 5.03823020
8.11920000 5.03830773
8.11960000 5.03843977
8.12000000 5.03855889
8.12040000 5.03871678
8.12080000 5.03890652
8.12120000 5.03910221
8.12160000 5.03931746
8.12200000 5.03935297
8.12240000 5.03931282
8.12280000 5.03915735
8.12320000 5.03900457
8.12360000 5.03885668
8.12400000 5.03871320
8.12440000 5.03851878
8.12480000 5.03831680
8.12520000 5.03807350
8.12560000 5.03791411
8.12600000 5.03777829
8.12640000 5.03765238
8.12680000 5.03744112
8.12720000 5.03722658
8.12760000 5.03704027
8.12800000 5.03679679
8.12840000 5.03654896
8.12880000 5.03628414
8.12920000 5.03605344
8.12960000 5.03580348
8.13000000 5.03559019
8.13040000 5.03538252
8.13080000 5.03522088
8.13120000 5.03511971
8.13160000 5.03503045
8.13200000 5.03491014
8.13240000 5.03478017
8.13280000 5.03473283
8.13320000 5.03464396
8.13360000 5.03452373
8.13400000 5.03439261
8.13440000 5.03428627
8.13480000 5.03419417
8.13520000 5.03415178
8.13560000 5.03408309
8.13600000 5.03402197
8.13640000 5.03394026
8.13680000 5.03388908
8.13720000 5.03387823
8.13760000 5.03399525
8.13800000 5.03407582
8.13840000 5.03405017
8.13880000 5.03403378
8.13920000 5.03406377
8.13960000 5.03407156
8.14000000 5.03406225
8.14040000 5.03411061
8.14080000 5.03422720
8.14120000 5.03429706
8.14160000 5.03436031
8.14200000 5.03438223
8.14240000 5.03443796
8.14280000 5.03439212
8.14320000 5.03435383
8.14360000 5.03424556
8.14400000 5.03415453
8.14440000 5.03405388
8.14480000 5.03386283
8.14520000 5.03360997
8.14560000 5.03340324
8.14600000 5.03320105
8.14640000 5.03310715
8.14680000 5.03299988
8.14720000 5.03293143
8.14760000 5.03286854
8.14800000 5.03276915
8.14840000 5.03264812
8.14880000 5.03253059
8.14920000 5.03240971
8.14960000 5.03233273
8.15000000 5.03224840
8.15040000 5.03221263
8.15080000 5.03214311
8.15120000 5.03209911
8.15160000 5.03201963
8.15200000 5.03185856
8.15240000 5.03174633
8.15280000 5.03163221
8.15320000 5.03158392
8.15360000 5.03148176
8.15400000 5.03141615
8.15440000 5.03138839
8.15480000 5.03145718
8.15520000 5.03142452
8.15560000 5.03137095
8.15600000 5.03128164
8.15640000 5.03116937
8.15680000 5.03107527
8.15720000 5.03100570
8.15760000 5.03092538
8.15800000 5.03085321
8.15840000 5.03070922
8.15880000 5.03062000
8.15920000 5.03053143
8.15960000 5.03044002
8.16000000 5.03039253
8.16040000 5.03033778
8.16080000 5.03020882
8.16120000 5.03006379
8.16160000 5.02995080
8.16200000 5.03005107
8.16240000 5.03020090
8.16280000 5.03034272
8.16320000 5.03040701
8.16360000 5.03045584
8.16400000 5.03054500
8.16440000 5.03068841
8.16480000 5.03083037
8.16520000 5.03104867
8.16560000 5.03117389
8.16600000 5.03124038
8.16640000 5.03129122
8.16680000 5.03145073
8.16720000 5.03162927
8.16760000 5.03182271
8.16800000 5.03201529
8.16840000 5.03220711
8.16880000 5.03243364
8.16920000 5.03260504
8.16960000 5.03285615
8.17000000 5.03306506
8.17040000 5.03324687
8.17080000 5.03338732
8.17120000 5.03351307
8.17160000 5.03361663
8.17200000 5.03371398
8.17240000 5.03382959
8.17280000 5.03396707
8.17320000 5.03411245
8.17360000 5.03427044
8.17400000 5.03442104
8.17440000 5.03453453
8.17480000 5.03462839
8.17520000 5.03472336
8.17560000 5.03483812
8.17600000 5.03490720
8.17640000 5.03502346
8.17680000 5.03518150
8.17720000 5.03529763
8.17760000 5.03521627
8.17800000 5.03513682
8.17840000 5.03504063
8.17880000 5.03502400
8.17920000 5.03497997
8.17960000 5.03495278
8.18000000 5.03484693
8.18040000 5.03470901
8.18080000 5.03454115
8.18120000 5.03442048
8.18160000 5.03429523
8.18200000 5.03420414
8.18240000 5.03402139
8.18280000 5.03389305
8.18320000 5.03378998
8.18360000 5.03376029
8.18400000 5.03365651
8.18440000 5.03355361
8.18480000 5.03353979
8.18520000 5.03358105
8.18560000 5.03358257
8.18600000 5.03358315
8.18640000 5.03354286
8.18680000 5.03350982
8.18720000 5.03338154
8.18760000 5.03326684
8.18800000 5.03322083
8.18840000 5.03313664
8.18880000 5.03309113
8.18920000 5.03304718
8.18960000 5.03297079
8.19000000 5.03293851
8.19040000 5.03286668
8.19080000 5.03284048
8.19120000 5.03281200
8.19160000 5.03281679
8.19200000 5.03285614
8.19240000 5.03281909
8.19280000 5.03277139
8.19320000 5.03268075
8.19360000 5.03261087
8.19400000 5.03257051
8.19440000 5.03248831
8.19480000 5.03241396
8.19520000 5.03231285
8.19560000 5.03226706
8.19600000 5.03224999
8.19640000 5.03223363
8.19680000 5.03223774
8.19720000 5.03220099
8.19760000 5.03214021
8.19800000 5.03203157
8.19840000 5.03197710
8.19880000 5.03190952
8.19920000 5.03187781
8.19960000 5.03183091
8.20000000 5.03178695
8.20040000 5.03171074
8.20080000 5.03166107
8.20120000 5.03164026
8.20160000 5.03150282
8.20200000 5.03132233
8.20240000 5.03114023
8.20280000 5.03101553
8.20320000 5.03095331
8.20360000 5.03093899
8.20400000 5.03093224
8.20440000 5.03092090
8.20480000 5.03095519
8.20520000 5.03100899
8.20560000 5.03100280
8.20600000 5.03104107
8.20640000 5.03108049
8.20680000 5.03098718
8.20720000 5.03088342
8.20760000 5.03081633
8.20800000 5.03072034
8.20840000 5.03065238
8.20880000 5.03058503
8.20920000 5.03053762
8.20960000 5.03045039
8.21000000 5.03033799
8.21040000 5.03026231
8.21080000 5.03018877
8.21120000 5.03012433
8.21160000 5.03013848
8.21200000 5.03014198
8.21240000 5.02999244
8.21280000 5.02983278
8.21320000 5.02970762
8.21360000 5.02960685
8.21400000 5.02950501
8.21440000 5.02942357
8.21480000 5.02926967
8.21520000 5.02905982
8.21560000 5.02882536
8.21600000 5.02861122
8.21640000 5.02838294
8.21680000 5.02804832
8.21720000 5.02775657
8.21760000 5.02760380
8.21800000 5.02744960
8.21840000 5.02736540
8.21880000 5.02715154
8.21920000 5.02695250
8.21960000 5.02674655
8.22000000 5.02658041
8.22040000 5.02644947
8.22080000 5.02630824
8.22120000 5.02620101
8.22160000 5.02609490
8.22200000 5.02594870
8.22240000 5.02587461
8.22280000 5.02580951
8.22320000 5.02572902
8.22360000 5.02562867
8.22400000 5.02556754
8.22440000 5.02551130
8.22480000 5.02550280
8.22520000 5.02550089
8.22560000 5.02551661
8.22600000 5.02551407
8.22640000 5.02550544
8.22680000 5.02548039
8.22720000 5.02549241
8.22760000 5.02550515
8.22800000 5.02539739
8.22840000 5.02530178
8.22880000 5.02519327
8.22920000 5.02509634
8.22960000 5.02500656
8.23000000 5.02486958
8.23040000 5.02473540
8.23080000 5.02460458
8.23120000 5.02441835
8.23160000 5.02425461
8.23200000 5.02415949
8.23240000 5.02410782
8.23280000 5.02409881
8.23320000 5.02410553
8.23360000 5.02406644
8.23400000 5.02406078
8.23440000 5.02406907
8.23480000 5.02406651
8.23520000 5.02402177
8.23560000 5.02394589
8.23600000 5.02383576
8.23640000 5.02374027
8.23680000 5.02363436
8.23720000 5.02357797
8.23760000 5.02351858
8.23800000 5.02345139
8.23840000 5.02338257
8.23880000 5.02334025
8.23920000 5.02326713
8.23960000 5.02320518
8.24000000 5.02308894
8.24040000 5.02301623
8.24080000 5.02295674
8.24120000 5.02289548
8.24160000 5.02290874
8.24200000 5.02291254
8.24240000 5.02294748
8.24280000 5.02294522
8.24320000 5.02295319
8.24360000 5.02291219
8.24400000 5.02284959
8.24440000 5.02279277
8.24480000 5.02269789
8.24520000 5.02257311
8.24560000 5.02251663
8.24600000 5.02247325
8.24640000 5.02241367
8.24680000 5.02240747
8.24720000 5.02240263
8.24760000 5.02234519
8.24800000 5.02230324
8.24840000 5.02224499
8.24880000 5.02218020
8.24920000 5.02213755
8.24960000 5.02205224
8.25000000 5.02203928
8.25040000 5.02202230
8.25080000 5.02204488
8.25120000 5.02201819
8.25160000 5.02194595
8.25200000 5.02190632
8.25240000 5.02199282
8.25280000 5.02210077
8.25320000 5.02219710
8.25360000 5.02223864
8.25400000 5.02230290
8.25440000 5.02235005
8.25480000 5.02246252
8.25520000 5.02261255
8.25560000 5.02280439
8.25600000 5.02302019
8.25640000 5.02322046
8.25680000 5.02344840
8.25720000 5.02366834
8.25760000 5.02386743
8.25800000 5.02409018
8.25840000 5.02431723
8.25880000 5.02460584
8.25920000 5.02486939
8.25960000 5.02516216
8.26000000 5.02553582
8.26040000 5.02585387
8.26080000 5.02616550
8.26120000 5.02643825
8.26160000 5.02665473
8.26200000 5.02693569
8.26240000 5.02721451
8.26280000 5.02750083
8.26320000 5.02775613
8.26360000 5.02800919
8.26400000 5.02827028
8.26440000 5.02854167
8.26480000 5.02873901
8.26520000 5.02889781
8.26560000 5.02905346
8.26600000 5.02920083
8.26640000 5.02934889
8.26680000 5.02954455
8.26720000 5.02973399
8.26760000 5.02992350
8.26800000 5.03017885
8.26840000 5.03046537
8.26880000 5.03071412
8.26920000 5.03089647
8.26960000 5.03109584
8.27000000 5.03131040
8.27040000 5.03155081
8.27080000 5.03177252
8.27120000 5.03199671
8.27160000 5.03220957
8.27200000 5.03236750
8.27240000 5.03252560
8.27280000 5.03268819
8.27320000 5.03282243
8.27360000 5.03302277
8.27400000 5.03315942
8.27440000 5.03330204
8.27480000 5.03343278
8.27520000 5.03358419
8.27560000 5.03377534
8.27600000 5.03400116
8.27640000 5.03425490
8.27680000 5.03448315
8.27720000 5.03467990
8.27760000 5.03489437
8.27800000 5.03511725
8.27840000 5.03534524
8.27880000 5.03556517
8.27920000 5.03580009
8.27960000 5.03604715
8.28000000 5.03628140
8.28040000 5.03649963
8.28080000 5.03674894
8.28120000 5.03698008
8.28160000 5.03716354
8.28200000 5.03739106
8.28240000 5.03757518
8.28280000 5.03775124
8.28320000 5.03791064
8.28360000 5.03809778
8.28400000 5.03824595
8.28440000 5.03839290
8.28480000 5.03849424
8.28520000 5.03865104
8.28560000 5.03882345
8.28600000 5.03897768
8.28640000 5.03915453
8.28680000 5.03927486
8.28720000 5.03938677
8.28760000 5.03950985
8.28800000 5.03962739
8.28840000 5.03972403
8.28880000 5.03984438
8.28920000 5.03996596
8.28960000 5.04008431
8.29000000 5.04017705
8.29040000 5.04033199
8.29080000 5.04048497
8.29120000 5.04063403
8.29160000 5.04078796
8.29200000 5.04089013
8.29240000 5.04100286
8.29280000 5.04111934
8.29320000 5.04120845
8.29360000 5.04132833
8.29400000 5.04142376
8.29440000 5.04152918
8.29480000 5.04163331
8.29520000 5.04172996
8.29560000 5.04183429
8.29600000 5.04192145
8.29640000 5.04200058
8.29680000 5.04209807
8.29720000 5.04216953
8.29760000 5.04218836
8.29800000 5.04219255
8.29840000 5.04219826
8.29880000 5.04219888
8.29920000 5.04222921
8.29960000 5.04223893
8.30000000 5.04222760
8.30040000 5.04222371
8.30080000 5.04222534
8.30120000 5.04221784
8.30160000 5.04225585
8.30200000 5.04226752
8.30240000 5.04226227
8.30280000 5.04228630
8.30320000 5.04233606
8.30360000 5.04238584
8.30400000 5.04243620
8.30440000 5.04247445
8.30480000 5.04249034
8.30520000 5.04254238
8.30560000 5.04263894
8.30600000 5.04277227
8.30640000 5.04289789
8.30680000 5.04294187
8.30720000 5.04293667
8.30760000 5.04301811
8.30800000 5.04308951
8.30840000 5.04313846
8.30880000 5.04318721
8.30920000 5.04330705
8.30960000 5.04344495
8.31000000 5.04353983
8.31040000 5.04360661
8.31080000 5.04371185
8.31120000 5.04384831
8.31160000 5.04398455
8.31200000 5.04409123
8.31240000 5.04419874
8.31280000 5.04429904
8.31320000 5.04434604
8.31360000 5.04439527
8.31400000 5.04448212
8.31440000 5.04456829
8.31480000 5.04460806
8.31520000 5.04466718
8.31560000 5.04469360
8.31600000 5.04469748
8.31640000 5.04469302
8.31680000 5.04470952
8.31720000 5.04474626
8.31760000 5.04478753
8.31800000 5.04484654
8.31840000 5.04489764
8.31880000 5.04494231
8.31920000 5.04496452
8.31960000 5.04499851
8.32000000 5.04505684
8.32040000 5.04507867
8.32080000 5.04508217
8.32120000 5.04510089
8.32160000 5.04514799
8.32200000 5.04529967
8.32240000 5.04545147
8.32280000 5.04562474
8.32320000 5.04576543
8.32360000 5.04589678
8.32400000 5.04604326
8.32440000 5.04617507
8.32480000 5.04640873
8.32520000 5.04658800
8.32560000 5.04674578
8.32600000 5.04690163
8.32640000 5.04711106
8.32680000 5.04739002
8.32720000 5.04769254
8.32760000 5.04797182
8.32800000 5.04824355
8.32840000 5.04845994
8.32880000 5.04864265
8.32920000 5.04881988
8.32960000 5.04898155
8.33000000 5.04922099
8.33040000 5.04943011
8.33080000 5.04960743
8.33120000 5.04979507
8.33160000 5.04992504
8.33200000 5.05012105
8.33240000 5.05033609
8.33280000 5.05055369
8.33320000 5.05070666
8.33360000 5.05089758
8.33400000 5.05108416
8.33440000 5.05127347
8.33480000 5.05147449
8.33520000 5.05167180
8.33560000 5.05182393
8.33600000 5.05193765
8.33640000 5.05206935
8.33680000 5.05221318
8.33720000 5.05235416
8.33760000 5.05256618
8.33800000 5.05277847
8.33840000 5.05297658
8.33880000 5.05314411
8.33920000 5.05329192
8.33960000 5.05342646
8.34000000 5.05361878
8.34040000 5.05376261
8.34080000 5.05392240
8.34120000 5.05397907
8.34160000 5.05413451
8.34200000 5.05427421
8.34240000 5.05438806
8.34280000 5.05451773
8.34320000 5.05465265
8.34360000 5.05478053
8.34400000 5.05490834
8.34440000 5.05499411
8.34480000 5.05512063
8.34520000 5.05522349
8.34560000 5.05527880
8.34600000 5.05532008
8.34640000 5.05535890
8.34680000 5.05540650
8.34720000 5.05552976
8.34760000 5.05555832
8.34800000 5.05559653
8.34840000 5.05559924
8.34880000 5.05560970
8.34920000 5.05563631
8.34960000 5.05566550
8.35000000 5.05571075
8.35040000 5.05576715
8.35080000 5.05579066
8.35120000 5.05584225
8.35160000 5.05586111
8.35200000 5.05588571
8.35240000 5.05587208
8.35280000 5.05585561
8.35320000 5.05593011
8.35360000 5.05597109
8.35400000 5.05602912
8.35440000 5.05605430
8.35480000 5.05608514
8.35520000 5.05610270
8.35560000 5.05615778
8.35600000 5.05625487
8.35640000 5.05635369
8.35680000 5.05639874
8.35720000 5.05641190
8.35760000 5.05642463
8.35800000 5.05643331
8.35840000 5.05641224
8.35880000 5.05638817
8.35920000 5.05635757
8.35960000 5.05630738
8.36000000 5.05630154
8.36040000 5.05628493
8.36080000 5.05625521
8.36120000 5.05624253
8.36160000 5.05628704
8.36200000 5.05618979
8.36240000 5.05609143
8.36280000 5.05596205
8.36320000 5.05586584
8.36360000 5.05578523
8.36400000 5.05571154
8.36440000 5.05562272
8.36480000 5.05547788
8.36520000 5.05532774
8.36560000 5.05522923
8.36600000 5.05518158
8.36640000 5.05507568
8.36680000 5.05489797
8.36720000 5.05468442
8.36760000 5.05450534
8.36800000 5.05435260
8.36840000 5.05428964
8.36880000 5.05421837
8.36920000 5.05415707
8.36960000 5.05413284
8.37000000 5.05402647
8.37040000 5.05374119
8.37080000 5.05348260
8.37120000 5.05322375
8.37160000 5.05303090
8.37200000 5.05283826
8.37240000 5.05264925
8.37280000 5.05245627
8.37320000 5.05234170
8.37360000 5.05217886
8.37400000 5.05204657
8.37440000 5.05190151
8.37480000 5.05177123
8.37520000 5.05163239
8.37560000 5.05150294
8.37600000 5.05140844
8.37640000 5.05131087
8.37680000 5.05120510
8.37720000 5.05108972
8.37760000 5.05095766
8.37800000 5.05083338
8.37840000 5.05072209
8.37880000 5.05067508
8.37920000 5.05061861
8.37960000 5.05059032
8.38000000 5.05050870
8.38040000 5.05046433
8.38080000 5.05044327
8.38120000 5.05052848
8.38160000 5.05051958
8.38200000 5.05052121
8.38240000 5.05055181
8.38280000 5.05050243
8.38320000 5.05045339
8.38360000 5.05042916
8.38400000 5.05035216
8.38440000 5.05028691
8.38480000 5.05023855
8.38520000 5.05018956
8.38560000 5.05007467
8.38600000 5.05001319
8.38640000 5.04994900
8.38680000 5.04989109
8.38720000 5.04980576
8.38760000 5.04972483
8.38800000 5.04963766
8.38840000 5.04958897
8.38880000 5.04956569
8.38920000 5.04952372
8.38960000 5.04945593
8.39000000 5.04940357
8.39040000 5.04936111
8.39080000 5.04931716
8.39120000 5.04918485
8.39160000 5.04909784
8.39200000 5.04902903
8.39240000 5.04902708
8.39280000 5.04905314
8.39320000 5.04903970
8.39360000 5.04898814
8.39400000 5.04890780
8.39440000 5.04884150
8.39480000 5.04881118
8.39520000 5.04878799
8.39560000 5.04876483
8.39600000 5.04871836
8.39640000 5.04868205
8.39680000 5.04871359
8.39720000 5.04874603
8.39760000 5.04877374
8.39800000 5.04877705
8.39840000 5.04884963
8.39880000 5.04892109
8.39920000 5.04905318
8.39960000 5.04916164
8.40000000 5.04924911
8.40040000 5.04936038
8.40080000 5.04941827
8.40120000 5.04949381
8.40160000 5.04947017
8.40200000 5.04949933
8.40240000 5.04956257
8.40280000 5.04965404
8.40320000 5.04972029
8.40360000 5.04981536
8.40400000 5.04991907
8.40440000 5.05002448
8.40480000 5.05014820
8.40520000 5.05025430
8.40560000 5.05035419
8.40600000 5.05042969
8.40640000 5.05045569
8.40680000 5.05052387
8.40720000 5.05062433
8.40760000 5.05067568
8.40800000 5.05065336
8.40840000 5.05061196
8.40880000 5.05054887
8.40920000 5.05047503
8.40960000 5.05042424
8.41000000 5.05040265
8.41040000 5.05057769
8.41080000 5.05075125
8.41120000 5.05090150
8.41160000 5.05104585
8.41200000 5.05111916
8.41240000 5.05117161
8.41280000 5.05118573
8.41320000 5.05118102
8.41360000 5.05118786
8.41400000 5.05116855
8.41440000 5.05120583
8.41480000 5.05121580
8.41520000 5.05119848
8.41560000 5.05115988
8.41600000 5.05112240
8.41640000 5.05108250
8.41680000 5.05107203
8.41720000 5.05108106
8.41760000 5.05108706
8.41800000 5.05107685
8.41840000 5.05104087
8.41880000 5.05100127
8.41920000 5.05098107
8.41960000 5.05093618
8.42000000 5.05088331
8.42040000 5.05084888
8.42080000 5.05074646
8.42120000 5.05065086
8.42160000 5.05057140
8.42200000 5.05050736
8.42240000 5.05042685
8.42280000 5.05038418
8.42320000 5.05036046
8.42360000 5.05033744
8.42400000 5.05037836
8.42440000 5.05041683
8.42480000 5.05046600
8.42520000 5.05053511
8.42560000 5.05065543
8.42600000 5.05068076
8.42640000 5.05073185
8.42680000 5.05082863
8.42720000 5.05094110
8.42760000 5.05105228
8.42800000 5.05115070
8.42840000 5.05119420
8.42880000 5.05120039
8.42920000 5.05123136
8.42960000 5.05128151
8.43000000 5.05130665
8.43040000 5.05134058
8.43080000 5.05137373
8.43120000 5.05147146
8.43160000 5.05154867
8.43200000 5.05162037
8.43240000 5.05163537
8.43280000 5.05161701
8.43320000 5.05158832
8.43360000 5.05161398
8.43400000 5.05161905
8.43440000 5.05164850
8.43480000 5.05168726
8.43520000 5.05170714
8.43560000 5.05164665
8.43600000 5.05153295
8.43640000 5.05142666
8.43680000 5.05133388
8.43720000 5.05129396
8.43760000 5.05127440
8.43800000 5.05128309
8.43840000 5.05122213
8.43880000 5.05117073
8.43920000 5.05112720
8.43960000 5.05112453
8.44000000 5.05106951
8.44040000 5.05102315
8.44080000 5.05104845
8.44120000 5.05102811
8.44160000 5.05102180
8.44200000 5.05097124
8.44240000 5.05087476
8.44280000 5.05078728
8.44320000 5.05072852
8.44360000 5.05066699
8.44400000 5.05058660
8.44440000 5.05045084
8.44480000 5.05031738
8.44520000 5.05023389
8.44560000 5.05013079
8.44600000 5.05000142
8.44640000 5.04991891
8.44680000 5.04984838
8.44720000 5.04977229
8.44760000 5.04973814
8.44800000 5.04977630
8.44840000 5.04982171
8.44880000 5.04990006
8.44920000 5.05002706
8.44960000 5.05010964
8.45000000 5.05014715
8.45040000 5.05016548
8.45080000 5.05018934
8.45120000 5.05024869
8.45160000 5.05030196
8.45200000 5.05042568
8.45240000 5.05055857
8.45280000 5.05071136
8.45320000 5.05087244
8.45360000 5.05102736
8.45400000 5.05120910
8.45440000 5.05129889
8.45480000 5.05139924
8.45520000 5.05155465
8.45560000 5.05170650
8.45600000 5.05186181
8.45640000 5.05206331
8.45680000 5.05219832
8.45720000 5.05231726
8.45760000 5.05241985
8.45800000 5.05254322
8.45840000 5.05270725
8.45880000 5.05284073
8.45920000 5.05296952
8.45960000 5.05312661
8.46000000 5.05328128
8.46040000 5.05345639
8.46080000 5.05364859
8.46120000 5.05385541
8.46160000 5.05406164
8.46200000 5.05422520
8.46240000 5.05439329
8.46280000 5.05456784
8.46320000 5.05474498
8.46360000 5.05488744
8.46400000 5.05500138
8.46440000 5.05522476
8.46480000 5.05547901
8.46520000 5.05562748
8.46560000 5.05580513
8.46600000 5.05604226
8.46640000 5.05623374
8.46680000 5.05636858
8.46720000 5.05646736
8.46760000 5.05654646
8.46800000 5.05662451
8.46840000 5.05678087
8.46880000 5.05693683
8.46920000 5.05704477
8.46960000 5.05715194
8.47000000 5.05730248
8.47040000 5.05743344
8.47080000 5.05761971
8.47120000 5.05779963
8.47160000 5.05794274
8.47200000 5.05807786
8.47240000 5.05821488
8.47280000 5.05834725
8.47320000 5.05850258
8.47360000 5.05868481
8.47400000 5.05890946
8.47440000 5.05912312
8.47480000 5.05932754
8.47520000 5.05953606
8.47560000 5.05977579
8.47600000 5.06007664
8.47640000 5.06034828
8.47680000 5.06060861
8.47720000 5.06087659
8.47760000 5.06112288
8.47800000 5.06139620
8.47840000 5.06165851
8.47880000 5.06190450
8.47920000 5.06207756
8.47960000 5.06222104
8.48000000 5.06240150
8.48040000 5.06255018
8.48080000 5.06269300
8.48120000 5.06285687
8.48160000 5.06307423
8.48200000 5.06330341
8.48240000 5.06356908
8.48280000 5.06380360
8.48320000 5.06404412
8.48360000 5.06422180
8.48400000 5.06441462
8.48440000 5.06467899
8.48480000 5.06493253
8.48520000 5.06519416
8.48560000 5.06546079
8.48600000 5.06573999
8.48640000 5.06602521
8.48680000 5.06630172
8.48720000 5.06651788
8.48760000 5.06675494
8.48800000 5.06702929
8.48840000 5.06726565
8.48880000 5.06748180
8.48920000 5.06765148
8.48960000 5.06785550
8.49000000 5.06807899
8.49040000 5.06826369
8.49080000 5.06846999
8.49120000 5.06864822
8.49160000 5.06881833
8.49200000 5.06896507
8.49240000 5.06914348
8.49280000 5.06933727
8.49320000 5.06955417
8.49360000 5.06974797
8.49400000 5.06994999
8.49440000 5.07018619
8.49480000 5.07041762
8.49520000 5.07065138
8.49560000 5.07095931
8.49600000 5.07128723
8.49640000 5.07154688
8.49680000 5.07185652
8.49720000 5.07217156
8.49760000 5.07242981
8.49800000 5.07269562
8.49840000 5.07293364
8.49880000 5.07319125
8.49920000 5.07344889
8.49960000 5.07369007
8.50000000 5.07393820
8.50040000 5.07414933
8.50080000 5.07436545
8.50120000 5.07456868
8.50160000 5.07482150
8.50200000 5.07503012
8.50240000 5.07529556
8.50280000 5.07556231
8.50320000 5.07579495
8.50360000 5.07603822
8.50400000 5.07630338
8.50440000 5.07649365
8.50480000 5.07660709
8.50520000 5.07681743
8.50560000 5.07699159
8.50600000 5.07715282
8.50640000 5.07740807
8.50680000 5.07763453
8.50720000 5.07789584
8.50760000 5.07817962
8.50800000 5.07847014
8.50840000 5.07874943
8.50880000 5.07903708
8.50920000 5.07932329
8.50960000 5.07958752
8.51000000 5.07983712
8.51040000 5.08007595
8.51080000 5.08028089
8.51120000 5.08048857
8.51160000 5.08073567
8.51200000 5.08100191
8.51240000 5.08128309
8.51280000 5.08156435
8.51320000 5.08185145
8.51360000 5.08210524
8.51400000 5.08233074
8.51440000 5.08254103
8.51480000 5.08279939
8.51520000 5.08307572
8.51560000 5.08336268
8.51600000 5.08363153
8.51640000 5.08389703
8.51680000 5.08416648
8.51720000 5.08440252
8.51760000 5.08463638
8.51800000 5.08486820
8.51840000 5.08514727
8.51880000 5.08536249
8.51920000 5.08557047
8.51960000 5.08581688
8.52000000 5.08604125
8.52040000 5.08628311
8.52080000 5.08650260
8.52120000 5.08671339
8.52160000 5.08694864
8.52200000 5.08719550
8.52240000 5.08743744
8.52280000 5.08768751
8.52320000 5.08792221
8.52360000 5.08817164
8.52400000 5.08839825
8.52440000 5.08863045
8.52480000 5.08885300
8.52520000 5.08905186
8.52560000 5.08928493
8.52600000 5.08950754
8.52640000 5.08970831
8.52680000 5.08991773
8.52720000 5.09013540
8.52760000 5.09033869
8.52800000 5.09049868
8.52840000 5.09062346
8.52880000 5.09078685
8.52920000 5.09091519
8.52960000 5.09107058
8.53000000 5.09124988
8.53040000 5.09145110
8.53080000 5.09158846
8.53120000 5.09174367
8.53160000 5.09189975
8.53200000 5.09206755
8.53240000 5.09219779
8.53280000 5.09232444
8.53320000 5.09244519
8.53360000 5.09262010
8.53400000 5.09281169
8.53440000 5.09302747
8.53480000 5.09325025
8.53520000 5.09344163
8.53560000 5.09359422
8.53600000 5.09370113
8.53640000 5.09380238
8.53680000 5.09385390
8.53720000 5.09392803
8.53760000 5.09406731
8.53800000 5.09420762
8.53840000 5.09437847
8.53880000 5.09452218
8.53920000 5.09464751
8.53960000 5.09479299
8.54000000 5.09495132
8.54040000 5.09512376
8.54080000 5.09532854
8.54120000 5.09551235
8.54160000 5.09563146
8.54200000 5.09585421
8.54240000 5.09602490
8.54280000 5.09617764
8.54320000 5.09631271
8.54360000 5.09646691
8.54400000 5.09660464
8.54440000 5.09674024
8.54480000 5.09687940
8.54520000 5.09700912
8.54560000 5.09712981
8.54600000 5.09724394
8.54640000 5.09729555
8.54680000 5.09739665
8.54720000 5.09748101
8.54760000 5.09760904
8.54800000 5.09774860
8.54840000 5.09784869
8.54880000 5.09789622
8.54920000 5.09796223
8.54960000 5.09805415
8.55000000 5.09816374
8.55040000 5.09826392
8.55080000 5.09833836
8.55120000 5.09841781
8.55160000 5.09850164
8.55200000 5.09858069
8.55240000 5.09870737
8.55280000 5.09884792
8.55320000 5.09899891
8.55360000 5.09916417
8.55400000 5.09926967
8.55440000 5.09938779
8.55480000 5.09945030
8.55520000 5.09953180
8.55560000 5.09962326
8.55600000 5.09972536
8.55640000 5.09983833
8.55680000 5.09993783
8.55720000 5.10002892
8.55760000 5.10013721
8.55800000 5.10020737
8.55840000 5.10024498
8.55880000 5.10033672
8.55920000 5.10050344
8.55960000 5.10064741
8.56000000 5.10082164
8.56040000 5.10098107
8.56080000 5.10113942
8.56120000 5.10137356
8.56160000 5.10158293
8.56200000 5.10179522
8.56240000 5.10199418
8.56280000 5.10218383
8.56320000 5.10237504
8.56360000 5.10260776
8.56400000 5.10282275
8.56440000 5.10299073
8.56480000 5.10316856
8.56520000 5.10335147
8.56560000 5.10349565
8.56600000 5.10363370
8.56640000 5.10381360
8.56680000 5.10394240
8.56720000 5.10410455
8.56760000 5.10426129
8.56800000 5.10440184
8.56840000 5.10469145
8.56880000 5.10497001
8.56920000 5.10527762
8.56960000 5.10552621
8.57000000 5.10576196
8.57040000 5.10594165
8.57080000 5.10617055
8.57120000 5.10639773
8.57160000 5.10661889
8.57200000 5.10687214
8.57240000 5.10709900
8.57280000 5.10734890
8.57320000 5.10759582
8.57360000 5.10782754
8.57400000 5.10806008
8.57440000 5.10827734
8.57480000 5.10842786
8.57520000 5.10856473
8.57560000 5.10866617
8.57600000 5.10881369
8.57640000 5.10899882
8.57680000 5.10921658
8.57720000 5.10940525
8.57760000 5.10964047
8.57800000 5.10989935
8.57840000 5.11014302
8.57880000 5.11032725
8.57920000 5.11052211
8.57960000 5.11067934
8.58000000 5.11083868
8.58040000 5.11100413
8.58080000 5.11115694
8.58120000 5.11133753
8.58160000 5.11152393
8.58200000 5.11166345
8.58240000 5.11174194
8.58280000 5.11184151
8.58320000 5.11195882
8.58360000 5.11204116
8.58400000 5.11215114
8.58440000 5.11223932
8.58480000 5.11233440
8.58520000 5.11244823
8.58560000 5.11259913
8.58600000 5.11277143
8.58640000 5.11292309
8.58680000 5.11307341
8.58720000 5.11322619
8.58760000 5.11333071
8.58800000 5.11344275
8.58840000 5.11358381
8.58880000 5.11376001
8.58920000 5.11396484
8.58960000 5.11415258
8.59000000 5.11429387
8.59040000 5.11445046
8.59080000 5.11462797
8.59120000 5.11481558
8.59160000 5.11502094
8.59200000 5.11525680
8.59240000 5.11544900
8.59280000 5.11563981
8.59320000 5.11581636
8.59360000 5.11594567
8.59400000 5.11617399
8.59440000 5.11639845
8.59480000 5.11664415
8.59520000 5.11693899
8.59560000 5.11722320
8.59600000 5.11749517
8.59640000 5.11771933
8.59680000 5.11793214
8.59720000 5.11815125
8.59760000 5.11836080
8.59800000 5.11857258
8.59840000 5.11881733
8.59880000 5.11909870
8.59920000 5.11936564
8.59960000 5.11963679
