# strain(%), strain_el(%), stress(GPa)
0.00000000 -0.00013068 0.00000000
0.00040000 0.00066506 0.00061696
0.00080000 0.00380554 0.00305189
0.00120000 0.00441496 0.00352439
0.00160000 0.00497062 0.00395522
0.00200000 0.00563441 0.00446988
0.00240000 0.00564692 0.00447958
0.00280000 0.00532438 0.00422951
0.00320000 0.00553051 0.00438933
0.00360000 0.00586861 0.00465147
0.00400000 0.00646032 0.00511024
0.00440000 0.00675980 0.00534244
0.00480000 0.00721308 0.00569388
0.00520000 0.00734924 0.00579945
0.00560000 0.00772833 0.00609337
0.00600000 0.00801212 0.00631341
0.00640000 0.00865893 0.00681490
0.00680000 0.00634464 0.00502055
0.00720000 0.00682507 0.00539304
0.00760000 0.00695724 0.00549552
0.00800000 0.00875284 0.00688772
0.00840000 0.00896395 0.00705140
0.00880000 0.00917663 0.00721630
0.00920000 0.00970539 0.00762626
0.00960000 0.00925063 0.00727367
0.01000000 0.00977340 0.00767899
0.01040000 0.00971253 0.00763179
0.01080000 0.01013553 0.00795976
0.01120000 0.01162512 0.00911470
0.01160000 0.01099504 0.00862618
0.01200000 0.01475744 0.01154331
0.01240000 0.01574030 0.01230535
0.01280000 0.01626727 0.01271393
0.01320000 0.01624139 0.01269386
0.01360000 0.01591612 0.01244167
0.01400000 0.01617690 0.01264386
0.01440000 0.01653297 0.01291993
0.01480000 0.01704181 0.01331445
0.01520000 0.01745822 0.01363732
0.01560000 0.01774903 0.01386279
0.01600000 0.01837068 0.01434478
0.01640000 0.01913562 0.01493787
0.01680000 0.02003412 0.01563450
0.01720000 0.02027164 0.01581866
0.01760000 0.02059427 0.01606881
0.01800000 0.01736649 0.01356620
0.01840000 0.01783559 0.01392990
0.01880000 0.01825404 0.01425434
0.01920000 0.01849020 0.01443745
0.01960000 0.01889530 0.01475154
0.02000000 0.01993958 0.01556120
0.02040000 0.02050783 0.01600179
0.02080000 0.02126750 0.01659079
0.02120000 0.02356576 0.01837272
0.02160000 0.02388689 0.01862170
0.02200000 0.02399777 0.01870767
0.02240000 0.02438806 0.01901028
0.02280000 0.02547104 0.01984995
0.02320000 0.02657530 0.02070612
0.02360000 0.02652555 0.02066755
0.02400000 0.02640397 0.02057329
0.02440000 0.02641546 0.02058219
0.02480000 0.02683269 0.02090568
0.02520000 0.02742090 0.02136175
0.02560000 0.02779397 0.02165100
0.02600000 0.02828297 0.02203014
0.02640000 0.02925925 0.02278709
0.02680000 0.03018882 0.02350781
0.02720000 0.03066399 0.02387624
0.02760000 0.03079052 0.02397433
0.02800000 0.03056583 0.02380013
0.02840000 0.03054705 0.02378556
0.02880000 0.03097748 0.02411929
0.02920000 0.03136896 0.02442282
0.02960000 0.03174400 0.02471360
0.03000000 0.03218969 0.02505917
0.03040000 0.03263016 0.02540067
0.03080000 0.03323084 0.02586641
0.03120000 0.03383003 0.02633098
0.03160000 0.03455494 0.02689303
0.03200000 0.03564398 0.02773740
0.03240000 0.03591169 0.02794497
0.03280000 0.03619136 0.02816181
0.03320000 0.03632074 0.02826212
0.03360000 0.03613081 0.02811486
0.03400000 0.03613912 0.02812130
0.03440000 0.03643959 0.02835427
0.03480000 0.03688430 0.02869907
0.03520000 0.03741633 0.02911157
0.03560000 0.03831930 0.02981168
0.03600000 0.03936838 0.03062506
0.03640000 0.04004192 0.03114728
0.03680000 0.03994346 0.03107095
0.03720000 0.03975878 0.03092776
0.03760000 0.03982873 0.03098199
0.03800000 0.04033598 0.03137528
0.03840000 0.04065542 0.03162295
0.03880000 0.04102355 0.03190838
0.03920000 0.04136842 0.03217577
0.03960000 0.04171563 0.03244498
0.04000000 0.04207534 0.03272387
0.04040000 0.04255508 0.03309583
0.04080000 0.04307671 0.03350027
0.04120000 0.04344318 0.03378441
0.04160000 0.04377611 0.03404254
0.04200000 0.04398229 0.03420240
0.04240000 0.04175095 0.03247236
0.04280000 0.04216602 0.03279418
0.04320000 0.04238333 0.03296267
0.04360000 0.04293564 0.03339089
0.04400000 0.04301221 0.03345026
0.04440000 0.04477028 0.03481335
0.04480000 0.04526319 0.03519552
0.04520000 0.04562360 0.03547497
0.04560000 0.04590770 0.03569524
0.04600000 0.04533407 0.03525049
0.04640000 0.04578343 0.03559889
0.04680000 0.04612643 0.03586483
0.04720000 0.04621825 0.03593602
0.04760000 0.04683708 0.03641582
0.04800000 0.04716595 0.03667081
0.04840000 0.04829076 0.03754291
0.04880000 0.04803558 0.03734507
0.04920000 0.05230649 0.04065646
0.04960000 0.05251661 0.04081937
0.05000000 0.05273369 0.04098768
0.05040000 0.05265284 0.04092499
0.05080000 0.05300391 0.04119719
0.05120000 0.05331561 0.04143886
0.05160000 0.05376405 0.04178655
0.05200000 0.05419367 0.04211965
0.05240000 0.05521984 0.04291528
0.05280000 0.05611661 0.04361058
0.05320000 0.05639131 0.04382356
0.05360000 0.05660314 0.04398781
0.05400000 0.05685280 0.04418138
0.05440000 0.05705305 0.04433663
0.05480000 0.05733196 0.04455289
0.05520000 0.05740583 0.04461016
0.05560000 0.05782254 0.04493325
0.05600000 0.05507396 0.04280218
0.05640000 0.05577613 0.04334659
0.05680000 0.05608271 0.04358430
0.05720000 0.05648032 0.04389258
0.05760000 0.06063749 0.04711578
0.05800000 0.06141300 0.04771707
0.05840000 0.06174037 0.04797089
0.05880000 0.06174191 0.04797208
0.05920000 0.06161510 0.04787376
0.05960000 0.06183882 0.04804722
0.06000000 0.06218796 0.04831792
0.06040000 0.06255713 0.04860415
0.06080000 0.06322634 0.04912301
0.06120000 0.06415373 0.04984206
0.06160000 0.06465493 0.05023065
0.06200000 0.06562960 0.05098635
0.06240000 0.06549958 0.05088554
0.06280000 0.06592539 0.05121569
0.06320000 0.06562030 0.05097914
0.06360000 0.06578362 0.05110577
0.06400000 0.06617669 0.05141053
0.06440000 0.06668106 0.05180158
0.06480000 0.06731810 0.05229550
0.06520000 0.06725787 0.05224881
0.06560000 0.06885295 0.05348553
0.06600000 0.06794061 0.05277816
0.06640000 0.06545530 0.05085121
0.06680000 0.06577268 0.05109729
0.06720000 0.06644023 0.05161486
0.06760000 0.06674867 0.05185401
0.06800000 0.06699659 0.05204623
0.06840000 0.06754659 0.05247266
0.06880000 0.06778587 0.05265818
0.06920000 0.06789855 0.05274555
0.06960000 0.06873655 0.05339528
0.07000000 0.06909247 0.05367124
0.07040000 0.07340423 0.05701431
0.07080000 0.07348156 0.05707426
0.07120000 0.07358498 0.05715444
0.07160000 0.07393611 0.05742669
0.07200000 0.07382955 0.05734408
0.07240000 0.07144976 0.05549893
0.07280000 0.07203037 0.05594910
0.07320000 0.07227188 0.05613636
0.07360000 0.07268445 0.05645623
0.07400000 0.07301911 0.05671571
0.07440000 0.07367538 0.05722454
0.07480000 0.07414813 0.05759108
0.07520000 0.07457324 0.05792068
0.07560000 0.07458109 0.05792677
0.07600000 0.07513066 0.05835287
0.07640000 0.07550281 0.05864142
0.07680000 0.07716944 0.05993361
0.07720000 0.07724458 0.05999187
0.07760000 0.07684238 0.05968003
0.07800000 0.07728782 0.06002540
0.07840000 0.07737098 0.06008987
0.07880000 0.07775419 0.06038699
0.07920000 0.07810668 0.06066029
0.07960000 0.07907480 0.06141090
0.08000000 0.07921880 0.06152255
0.08040000 0.07953835 0.06177031
0.08080000 0.07974722 0.06193226
0.08120000 0.08036769 0.06241333
0.08160000 0.08070513 0.06267496
0.08200000 0.08110055 0.06298154
0.08240000 0.08157025 0.06334572
0.08280000 0.08195165 0.06364144
0.08320000 0.08228437 0.06389940
0.08360000 0.08271452 0.06423292
0.08400000 0.08616835 0.06691079
0.08440000 0.08645895 0.06713611
0.08480000 0.08703352 0.06758159
0.08520000 0.08741860 0.06788016
0.08560000 0.08780837 0.06818236
0.08600000 0.08490943 0.06593471
0.08640000 0.08546666 0.06636675
0.08680000 0.08595525 0.06674557
0.08720000 0.08638950 0.06708226
0.08760000 0.08675053 0.06736218
0.08800000 0.08810839 0.06841498
0.08840000 0.08735472 0.06783063
0.08880000 0.08790963 0.06826087
0.08920000 0.08820790 0.06849214
0.08960000 0.08854848 0.06875620
0.09000000 0.08883790 0.06898060
0.09040000 0.08918774 0.06925184
0.09080000 0.09006726 0.06993376
0.09120000 0.09019234 0.07003074
0.09160000 0.09057125 0.07032452
0.09200000 0.09114999 0.07077325
0.09240000 0.09142076 0.07098318
0.09280000 0.09182718 0.07129829
0.09320000 0.09614950 0.07464954
0.09360000 0.09666513 0.07504934
0.09400000 0.09708768 0.07537695
0.09440000 0.09732291 0.07555934
0.09480000 0.09700046 0.07530933
0.09520000 0.09739575 0.07561581
0.09560000 0.09788575 0.07599573
0.09600000 0.09831849 0.07633124
0.09640000 0.09548593 0.07413506
0.09680000 0.09583371 0.07440470
0.09720000 0.09626770 0.07474119
0.09760000 0.09661690 0.07501194
0.09800000 0.10031996 0.07788305
0.09840000 0.10068541 0.07816640
0.09880000 0.10096403 0.07838243
0.09920000 0.09817084 0.07621676
0.09960000 0.09861801 0.07656347
0.10000000 0.09890215 0.07678378
0.10040000 0.09931618 0.07710479
0.10080000 0.09992915 0.07758005
0.10120000 0.10029206 0.07786143
0.10160000 0.10053881 0.07805274
0.10200000 0.10085301 0.07829635
0.10240000 0.10141660 0.07873333
0.10280000 0.10179661 0.07902795
0.10320000 0.10210089 0.07926388
0.10360000 0.10256830 0.07962628
0.10400000 0.10293971 0.07991424
0.10440000 0.10328039 0.08017839
0.10480000 0.10381270 0.08059111
0.10520000 0.10423068 0.08091518
0.10560000 0.10453874 0.08115403
0.10600000 0.10516161 0.08163696
0.10640000 0.10546345 0.08187100
0.10680000 0.10576988 0.08210858
0.10720000 0.10616723 0.08241666
0.10760000 0.10657516 0.08273294
0.10800000 0.10692811 0.08300660
0.10840000 0.10703092 0.08308631
0.10880000 0.10760310 0.08352994
0.10920000 0.10817680 0.08397476
0.10960000 0.10856791 0.08427799
0.11000000 0.10908313 0.08467746
0.11040000 0.10920814 0.08477439
0.11080000 0.10971778 0.08516953
0.11120000 0.11013329 0.08549169
0.11160000 0.11065553 0.08589660
0.11200000 0.11098833 0.08615464
0.11240000 0.11148166 0.08653713
0.11280000 0.11166496 0.08667925
0.11320000 0.11222864 0.08711629
0.11360000 0.11252256 0.08734418
0.11400000 0.11294923 0.08767500
0.11440000 0.11334015 0.08797809
0.11480000 0.11358803 0.08817028
0.11520000 0.11424009 0.08867584
0.11560000 0.11448513 0.08886583
0.11600000 0.11476587 0.08908350
0.11640000 0.11516081 0.08938971
0.11680000 0.11574577 0.08984325
0.11720000 0.11621379 0.09020613
0.11760000 0.11989859 0.09306309
0.11800000 0.12011203 0.09322857
0.11840000 0.12061163 0.09361593
0.11880000 0.12100342 0.09391970
0.11920000 0.12146286 0.09427592
0.11960000 0.12193864 0.09464481
0.12000000 0.12240790 0.09500864
0.12040000 0.12305987 0.09551414
0.12080000 0.12362234 0.09595025
0.12120000 0.12397482 0.09622354
0.12160000 0.12452541 0.09665043
0.12200000 0.12486601 0.09691450
0.12240000 0.12511869 0.09711042
0.12280000 0.12521761 0.09718712
0.12320000 0.12543523 0.09735584
0.12360000 0.12603423 0.09782027
0.12400000 0.12627903 0.09801008
0.12440000 0.12648570 0.09817031
0.12480000 0.12375640 0.09605419
0.12520000 0.12408833 0.09631154
0.12560000 0.12448174 0.09661657
0.12600000 0.12476757 0.09683818
0.12640000 0.12598940 0.09778551
0.12680000 0.12569144 0.09755450
0.12720000 0.12607156 0.09784921
0.12760000 0.12636323 0.09807536
0.12800000 0.12655172 0.09822150
0.12840000 0.12731516 0.09881343
0.12880000 0.12791290 0.09927687
0.12920000 0.12815959 0.09946814
0.12960000 0.12818648 0.09948899
0.13000000 0.12856771 0.09978457
0.13040000 0.12923501 0.10030195
0.13080000 0.12959579 0.10058168
0.13120000 0.13024621 0.10108597
0.13160000 0.13046391 0.10125477
0.13200000 0.13071664 0.10145072
0.13240000 0.13147519 0.10203885
0.13280000 0.13179763 0.10228885
0.13320000 0.13177039 0.10226772
0.13360000 0.13241342 0.10276629
0.13400000 0.13288213 0.10312970
0.13440000 0.13323991 0.10340710
0.13480000 0.13376761 0.10381624
0.13520000 0.13424879 0.10418932
0.13560000 0.13462293 0.10447941
0.13600000 0.13501226 0.10478127
0.13640000 0.13518515 0.10491532
0.13680000 0.13569448 0.10531022
0.13720000 0.13605115 0.10558676
0.13760000 0.13628060 0.10576466
0.13800000 0.13650936 0.10594202
0.13840000 0.13741542 0.10664453
0.13880000 0.13778971 0.10693472
0.13920000 0.13815563 0.10721844
0.13960000 0.13819453 0.10724860
0.14000000 0.13883910 0.10774835
0.14040000 0.13897998 0.10785759
0.14080000 0.13924797 0.10806537
0.14120000 0.13986552 0.10854418
0.14160000 0.14044675 0.10899483
0.14200000 0.14076836 0.10924418
0.14240000 0.14117225 0.10955734
0.14280000 0.14163953 0.10991964
0.14320000 0.14204203 0.11023170
0.14360000 0.14242706 0.11053023
0.14400000 0.14292162 0.11091368
0.14440000 0.14311411 0.11106293
0.14480000 0.14352933 0.11138487
0.14520000 0.14386119 0.11164217
0.14560000 0.14438940 0.11205171
0.14600000 0.14477955 0.11235421
0.14640000 0.14520152 0.11268137
0.14680000 0.14550290 0.11291505
0.14720000 0.14581371 0.11315603
0.14760000 0.14637736 0.11359305
0.14800000 0.14680145 0.11392185
0.14840000 0.14708856 0.11414447
0.14880000 0.14747351 0.11444293
0.14920000 0.14805307 0.11489229
0.14960000 0.14847631 0.11522044
0.15000000 0.14874325 0.11542741
0.15040000 0.14908617 0.11569329
0.15080000 0.14951472 0.11602555
0.15120000 0.14980140 0.11624783
0.15160000 0.15026703 0.11660885
0.15200000 0.15066258 0.11691553
0.15240000 0.15128699 0.11739966
0.15280000 0.15152727 0.11758596
0.15320000 0.15196769 0.11792743
0.15360000 0.15248572 0.11832908
0.15400000 0.15285499 0.11861539
0.15440000 0.15298430 0.11871565
0.15480000 0.15348426 0.11910328
0.15520000 0.15411213 0.11959009
0.15560000 0.15422897 0.11968068
0.15600000 0.15456027 0.11993756
0.15640000 0.15508141 0.12034162
0.15680000 0.15536154 0.12055881
0.15720000 0.15556251 0.12071463
0.15760000 0.15617024 0.12118583
0.15800000 0.15661246 0.12152869
0.15840000 0.15707499 0.12188731
0.15880000 0.15743168 0.12216387
0.15920000 0.15786371 0.12249884
0.15960000 0.15796502 0.12257739
0.16000000 0.15848947 0.12298401
0.16040000 0.15911203 0.12346670
0.16080000 0.15949138 0.12376083
0.16120000 0.15999266 0.12414949
0.16160000 0.16043009 0.12448864
0.16200000 0.16070419 0.12470116
0.16240000 0.16117747 0.12506811
0.16280000 0.16146475 0.12529085
0.16320000 0.16189629 0.12562544
0.16360000 0.16579854 0.12865100
0.16400000 0.16620914 0.12896935
0.16440000 0.16668400 0.12933753
0.16480000 0.16706744 0.12963482
0.16520000 0.16782925 0.13022548
0.16560000 0.16766606 0.13009895
0.16600000 0.16916852 0.13126387
0.16640000 0.16854709 0.13078205
0.16680000 0.16899580 0.13112995
0.16720000 0.16921120 0.13129696
0.16760000 0.16976497 0.13172632
0.16800000 0.17028899 0.13213261
0.16840000 0.16750913 0.12997728
0.16880000 0.16718363 0.12972491
0.16920000 0.16795354 0.13032185
0.16960000 0.16812781 0.13045697
0.17000000 0.16880911 0.13098520
0.17040000 0.17253613 0.13387490
0.17080000 0.17287750 0.13413958
0.17120000 0.17343892 0.13457487
0.17160000 0.17374189 0.13480977
0.17200000 0.17061455 0.13238503
0.17240000 0.17113237 0.13278651
0.17280000 0.17156051 0.13311846
0.17320000 0.17179811 0.13330268
0.17360000 0.17206075 0.13350632
0.17400000 0.17233340 0.13371771
0.17440000 0.17278420 0.13406724
0.17480000 0.17338875 0.13453596
0.17520000 0.17379355 0.13484982
0.17560000 0.17445156 0.13536000
0.17600000 0.17462857 0.13549724
0.17640000 0.17836963 0.13839783
0.17680000 0.17885377 0.13877319
0.17720000 0.17575454 0.13637025
0.17760000 0.17602293 0.13657835
0.17800000 0.17628357 0.13678043
0.17840000 0.17674443 0.13713775
0.17880000 0.17728342 0.13755565
0.17920000 0.17740471 0.13764969
0.17960000 0.17789334 0.13802854
0.18000000 0.17857563 0.13855754
0.18040000 0.17917883 0.13902523
0.18080000 0.17946386 0.13924622
0.18120000 0.17987958 0.13956854
0.18160000 0.18019189 0.13981069
0.18200000 0.18053225 0.14007459
0.18240000 0.18094211 0.14039236
0.18280000 0.18491378 0.14347174
0.18320000 0.18530058 0.14377164
0.18360000 0.18592132 0.14425293
0.18400000 0.18272534 0.14177497
0.18440000 0.18297136 0.14196572
0.18480000 0.18337838 0.14228129
0.18520000 0.18382948 0.14263105
0.18560000 0.18381967 0.14262344
0.18600000 0.18425880 0.14296391
0.18640000 0.18775592 0.14567536
0.18680000 0.18873213 0.14643225
0.18720000 0.18914939 0.14675577
0.18760000 0.18955560 0.14707072
0.18800000 0.19019101 0.14756337
0.18840000 0.19059294 0.14787500
0.18880000 0.19081324 0.14804581
0.18920000 0.18751119 0.14548561
0.18960000 0.18788314 0.14577400
0.19000000 0.18858677 0.14631955
0.19040000 0.18887903 0.14654615
0.19080000 0.18945973 0.14699639
0.19120000 0.18968675 0.14717240
0.19160000 0.18989147 0.14733113
0.19200000 0.19025818 0.14761545
0.19240000 0.19096016 0.14815973
0.19280000 0.19150601 0.14858294
0.19320000 0.19174337 0.14876698
0.19360000 0.19202487 0.14898523
0.19400000 0.19237744 0.14925859
0.19440000 0.19262033 0.14944691
0.19480000 0.19317104 0.14987390
0.19520000 0.19372087 0.15030020
0.19560000 0.19412952 0.15061705
0.19600000 0.19434686 0.15078555
0.19640000 0.19478799 0.15112758
0.19680000 0.19540444 0.15160554
0.19720000 0.19548005 0.15166416
0.19760000 0.19592847 0.15201183
0.19800000 0.19639037 0.15236997
0.19840000 0.19656695 0.15250688
0.19880000 0.19728812 0.15306602
0.19920000 0.19761086 0.15331625
0.19960000 0.19782823 0.15348479
0.20000000 0.19845997 0.15397460
0.20040000 0.19888149 0.15430142
0.20080000 0.19927700 0.15460808
0.20120000 0.19971242 0.15494567
0.20160000 0.20004012 0.15519975
0.20200000 0.20014518 0.15528121
0.20240000 0.20065746 0.15567840
0.20280000 0.20118241 0.15608541
0.20320000 0.20160777 0.15641521
0.20360000 0.20220885 0.15688125
0.20400000 0.20260086 0.15718519
0.20440000 0.20280358 0.15734236
0.20480000 0.20323046 0.15767333
0.20520000 0.20372844 0.15805944
0.20560000 0.20410518 0.15835154
0.20600000 0.20415371 0.15838917
0.20640000 0.20450094 0.15865838
0.20680000 0.20496435 0.15901769
0.20720000 0.20580393 0.15966864
0.20760000 0.20626709 0.16002775
0.20800000 0.20652216 0.16022551
0.20840000 0.20659866 0.16028482
0.20880000 0.20689932 0.16051794
0.20920000 0.20751961 0.16099887
0.20960000 0.20810361 0.16145167
0.21000000 0.20849718 0.16175682
0.21040000 0.20876236 0.16196242
0.21080000 0.20901148 0.16215557
0.21120000 0.20939283 0.16245125
0.21160000 0.20974393 0.16272347
0.21200000 0.21018572 0.16306601
0.21240000 0.21074711 0.16350127
0.21280000 0.21121511 0.16386413
0.21320000 0.21139498 0.16400359
0.21360000 0.21139606 0.16400443
0.21400000 0.21179419 0.16431311
0.21440000 0.21243060 0.16480654
0.21480000 0.21316425 0.16537537
0.21520000 0.21364802 0.16575045
0.21560000 0.21384328 0.16590184
0.21600000 0.21414541 0.16613610
0.21640000 0.21434852 0.16629358
0.21680000 0.21496749 0.16677348
0.21720000 0.21531193 0.16704054
0.21760000 0.21565182 0.16730407
0.21800000 0.21587283 0.16747543
0.21840000 0.21673036 0.16814031
0.21880000 0.21685344 0.16823573
0.21920000 0.21742231 0.16867680
0.21960000 0.21798801 0.16911541
0.22000000 0.21839774 0.16943308
0.22040000 0.21858680 0.16957967
0.22080000 0.22220345 0.17238379
0.22120000 0.22321166 0.17316549
0.22160000 0.22387199 0.17367747
0.22200000 0.22415962 0.17390048
0.22240000 0.22453207 0.17418926
0.22280000 0.22488879 0.17446584
0.22320000 0.22556149 0.17498740
0.22360000 0.22588827 0.17524077
0.22400000 0.22588289 0.17523660
0.22440000 0.22664387 0.17582661
0.22480000 0.22697104 0.17608028
0.22520000 0.22739610 0.17640984
0.22560000 0.22749733 0.17648833
0.22600000 0.22756217 0.17653860
0.22640000 0.22413958 0.17388494
0.22680000 0.22478120 0.17438242
0.22720000 0.22535661 0.17482855
0.22760000 0.22571552 0.17510683
0.22800000 0.22633804 0.17558949
0.22840000 0.22697016 0.17607959
0.22880000 0.22718690 0.17624764
0.22920000 0.22735000 0.17637410
0.22960000 0.22751441 0.17650157
0.23000000 0.22773419 0.17667197
0.23040000 0.22856633 0.17731716
0.23080000 0.22920387 0.17781147
0.23120000 0.22959147 0.17811199
0.23160000 0.22979865 0.17827262
0.23200000 0.22985580 0.17831694
0.23240000 0.23031627 0.17867395
0.23280000 0.23083749 0.17907808
0.23320000 0.23149707 0.17958947
0.23360000 0.23150897 0.17959870
0.23400000 0.23217148 0.18011237
0.23440000 0.23238544 0.18027826
0.23480000 0.23290085 0.18067788
0.23520000 0.23326434 0.18095970
0.23560000 0.23365502 0.18126261
0.23600000 0.23406043 0.18157694
0.23640000 0.23433940 0.18179324
0.23680000 0.23468860 0.18206399
0.23720000 0.23514651 0.18241902
0.23760000 0.23544693 0.18265194
0.23800000 0.23586724 0.18297783
0.23840000 0.23624940 0.18327413
0.23880000 0.23692291 0.18379632
0.23920000 0.23735855 0.18413410
0.23960000 0.23785361 0.18451793
0.24000000 0.23823087 0.18481044
0.24040000 0.23846402 0.18499121
0.24080000 0.23866619 0.18514796
0.24120000 0.23895656 0.18537309
0.24160000 0.23904751 0.18544360
0.24200000 0.23980252 0.18602900
0.24240000 0.24423357 0.18946455
0.24280000 0.24472832 0.18984815
0.24320000 0.24516981 0.19019045
0.24360000 0.24559086 0.19051691
0.24400000 0.24568119 0.19058695
0.24440000 0.24606586 0.19088519
0.24480000 0.24628081 0.19105185
0.24520000 0.24694632 0.19156785
0.24560000 0.24752850 0.19201923
0.24600000 0.24805804 0.19242980
0.24640000 0.24832584 0.19263743
0.24680000 0.24792543 0.19232699
0.24720000 0.24809243 0.19245647
0.24760000 0.24885262 0.19304587
0.24800000 0.24986820 0.19383328
0.24840000 0.25013898 0.19404323
0.24880000 0.25076013 0.19452483
0.24920000 0.25128555 0.19493221
0.24960000 0.24761774 0.19208842
0.25000000 0.24769068 0.19214497
0.25040000 0.24851333 0.19278280
0.25080000 0.24861231 0.19285955
0.25120000 0.24877024 0.19298199
0.25160000 0.24931974 0.19340804
0.25200000 0.24976403 0.19375251
0.25240000 0.25035759 0.19421272
0.25280000 0.25072933 0.19450095
0.25320000 0.25108227 0.19477460
0.25360000 0.25140296 0.19502324
0.25400000 0.25199734 0.19548408
0.25440000 0.25233371 0.19574488
0.25480000 0.25273620 0.19605695
0.25520000 0.25319442 0.19641222
0.25560000 0.25375910 0.19685004
0.25600000 0.25380929 0.19688896
0.25640000 0.25444204 0.19737955
0.25680000 0.25481901 0.19767183
0.25720000 0.25506038 0.19785897
0.25760000 0.25548818 0.19819066
0.25800000 0.25611687 0.19867810
0.25840000 0.25651300 0.19898524
0.25880000 0.25687381 0.19926499
0.25920000 0.25712071 0.19945642
0.25960000 0.25735126 0.19963518
0.26000000 0.25773824 0.19993522
0.26040000 0.25829181 0.20036442
0.26080000 0.25868923 0.20067255
0.26120000 0.25919888 0.20106770
0.26160000 0.25957138 0.20135651
0.26200000 0.25973743 0.20148526
0.26240000 0.26012979 0.20178947
0.26280000 0.26048932 0.20206823
0.26320000 0.26092094 0.20240288
0.26360000 0.26156256 0.20290035
0.26400000 0.26207838 0.20330029
0.26440000 0.26202130 0.20325603
0.26480000 0.26221616 0.20340711
0.26520000 0.26282968 0.20388279
0.26560000 0.26327464 0.20422779
0.26600000 0.26399322 0.20478493
0.26640000 0.26431317 0.20503300
0.26680000 0.26479989 0.20541037
0.26720000 0.26496286 0.20553673
0.26760000 0.26506714 0.20561758
0.26800000 0.26561956 0.20604589
0.26840000 0.26559210 0.20602460
0.26880000 0.26646190 0.20669899
0.26920000 0.26693464 0.20706552
0.26960000 0.26732287 0.20736653
0.27000000 0.26774507 0.20769388
0.27040000 0.26831495 0.20813573
0.27080000 0.26810684 0.20797437
0.27120000 0.26875893 0.20847996
0.27160000 0.26933267 0.20892480
0.27200000 0.26971663 0.20922250
0.27240000 0.26993387 0.20939093
0.27280000 0.27426082 0.21274577
0.27320000 0.27498743 0.21330914
0.27360000 0.27520007 0.21347401
0.27400000 0.27158154 0.21066843
0.27440000 0.27151231 0.21061475
0.27480000 0.27207218 0.21104885
0.27520000 0.27280941 0.21162045
0.27560000 0.27337091 0.21205580
0.27600000 0.27357949 0.21221752
0.27640000 0.27394862 0.21250372
0.27680000 0.27423517 0.21272589
0.27720000 0.27465904 0.21305453
0.27760000 0.27504880 0.21335673
0.27800000 0.27562659 0.21380470
0.27840000 0.27618669 0.21423897
0.27880000 0.27665151 0.21459936
0.27920000 0.27692258 0.21480953
0.27960000 0.27721452 0.21503589
0.28000000 0.27742992 0.21520289
0.28040000 0.27801983 0.21566027
0.28080000 0.27847283 0.21601150
0.28120000 0.27868514 0.21617612
0.28160000 0.27905039 0.21645930
0.28200000 0.27958330 0.21687249
0.28240000 0.28022362 0.21736896
0.28280000 0.28048330 0.21757029
0.28320000 0.28078994 0.21780804
0.28360000 0.28102355 0.21798916
0.28400000 0.28131229 0.21821304
0.28440000 0.28196452 0.21871874
0.28480000 0.28258726 0.21920157
0.28520000 0.28296309 0.21949296
0.28560000 0.28329568 0.21975083
0.28600000 0.28372300 0.22008215
0.28640000 0.28392530 0.22023900
0.28680000 0.28426093 0.22049922
0.28720000 0.28483222 0.22094217
0.28760000 0.28517463 0.22120765
0.28800000 0.28543975 0.22141321
0.28840000 0.28588780 0.22176060
0.28880000 0.28642228 0.22217500
0.28920000 0.28674890 0.22242824
0.28960000 0.28731610 0.22286801
0.29000000 0.28768156 0.22315136
0.29040000 0.28805521 0.22344107
0.29080000 0.28835249 0.22367156
0.29120000 0.28872902 0.22396350
0.29160000 0.28922970 0.22435170
0.29200000 0.28953084 0.22458518
0.29240000 0.29012887 0.22504886
0.29280000 0.29039650 0.22525636
0.29320000 0.29098304 0.22571113
0.29360000 0.29132651 0.22597743
0.29400000 0.29132685 0.22597770
0.29440000 0.29175801 0.22631199
0.29480000 0.29182350 0.22636277
0.29520000 0.29257771 0.22694753
0.29560000 0.29333069 0.22753134
0.29600000 0.29392352 0.22799099
0.29640000 0.29431297 0.22829294
0.29680000 0.29436657 0.22833450
0.29720000 0.29473146 0.22861741
0.29760000 0.29506952 0.22887952
0.29800000 0.29517216 0.22895910
0.29840000 0.29567186 0.22934654
0.29880000 0.29635915 0.22987942
0.29920000 0.29681737 0.23023469
0.29960000 0.29717974 0.23051565
0.30000000 0.29751686 0.23077703
0.30040000 0.29798852 0.23114273
0.30080000 0.29844516 0.23149678
0.30120000 0.29903292 0.23195249
0.30160000 0.29912553 0.23202430
0.30200000 0.29934233 0.23219239
0.30240000 0.29966614 0.23244345
0.30280000 0.30015616 0.23282338
0.30320000 0.30048440 0.23307788
0.30360000 0.30092011 0.23341570
0.30400000 0.30142125 0.23380425
0.30440000 0.30186304 0.23414679
0.30480000 0.30211947 0.23434561
0.30520000 0.30265834 0.23476341
0.30560000 0.30316958 0.23515980
0.30600000 0.30345225 0.23537896
0.30640000 0.30387403 0.23570598
0.30680000 0.30411123 0.23588989
0.30720000 0.30455322 0.23623259
0.30760000 0.30493043 0.23652505
0.30800000 0.30531724 0.23682495
0.30840000 0.30588457 0.23726483
0.30880000 0.30606541 0.23740504
0.30920000 0.30683809 0.23800412
0.30960000 0.30704261 0.23816269
0.31000000 0.30682822 0.23799647
0.31040000 0.30744884 0.23847766
0.31080000 0.30816423 0.23903233
0.31120000 0.30873095 0.23947173
0.31160000 0.30935773 0.23995770
0.31200000 0.30959718 0.24014335
0.31240000 0.30987709 0.24036037
0.31280000 0.30963654 0.24017387
0.31320000 0.31021340 0.24062113
0.31360000 0.31060156 0.24092208
0.31400000 0.31124545 0.24142132
0.31440000 0.31192799 0.24195051
0.31480000 0.31266158 0.24251930
0.31520000 0.31278310 0.24261351
0.31560000 0.31295957 0.24275034
0.31600000 0.31313764 0.24288840
0.31640000 0.31363494 0.24327397
0.31680000 0.31397417 0.24353699
0.31720000 0.31443885 0.24389727
0.31760000 0.31520553 0.24449171
0.31800000 0.31546113 0.24468988
0.31840000 0.31590377 0.24503308
0.31880000 0.31615390 0.24522702
0.31920000 0.31637029 0.24539479
0.31960000 0.31642152 0.24543451
0.32000000 0.31700740 0.24588877
0.32040000 0.31785179 0.24654345
0.32080000 0.31847667 0.24702794
0.32120000 0.31884276 0.24731178
0.32160000 0.31903420 0.24746021
0.32200000 0.31968578 0.24796541
0.32240000 0.31981706 0.24806720
0.32280000 0.31980495 0.24805781
0.32320000 0.32031448 0.24845287
0.32360000 0.32074552 0.24878706
0.32400000 0.32113704 0.24909063
0.32440000 0.32166258 0.24949809
0.32480000 0.32192236 0.24969952
0.32520000 0.32234715 0.25002887
0.32560000 0.32283429 0.25040656
0.32600000 0.32311540 0.25062452
0.32640000 0.32341600 0.25085759
0.32680000 0.32366657 0.25105186
0.32720000 0.32417769 0.25144816
0.32760000 0.32488842 0.25199921
0.32800000 0.32537003 0.25237262
0.32840000 0.32581110 0.25271459
0.32880000 0.32619773 0.25301437
0.32920000 0.32647551 0.25322974
0.32960000 0.32695647 0.25360264
0.33000000 0.32744391 0.25398057
0.33040000 0.32783152 0.25428110
0.33080000 0.32807047 0.25446637
0.33120000 0.32840274 0.25472399
0.33160000 0.32871065 0.25496272
0.33200000 0.32927792 0.25540255
0.33240000 0.32976233 0.25577813
0.33280000 0.32998247 0.25594881
0.33320000 0.33011956 0.25605510
0.33360000 0.33048646 0.25633957
0.33400000 0.33089023 0.25665263
0.33440000 0.33143305 0.25707350
0.33480000 0.33200347 0.25751577
0.33520000 0.33242844 0.25784526
0.33560000 0.33298855 0.25827954
0.33600000 0.33314021 0.25839713
0.33640000 0.33289944 0.25821045
0.33680000 0.33309765 0.25836413
0.33720000 0.33385041 0.25894777
0.33760000 0.33488142 0.25974715
0.33800000 0.33548084 0.26021190
0.33840000 0.33568991 0.26037400
0.33880000 0.33605416 0.26065641
0.33920000 0.33627630 0.26082865
0.33960000 0.33636727 0.26089918
0.34000000 0.33672888 0.26117955
0.34040000 0.33732368 0.26164072
0.34080000 0.33768191 0.26191847
0.34120000 0.33819340 0.26231505
0.34160000 0.33909988 0.26301788
0.34200000 0.33930073 0.26317360
0.34240000 0.33922524 0.26311507
0.34280000 0.33937090 0.26322800
0.34320000 0.33977527 0.26354153
0.34360000 0.34022184 0.26388777
0.34400000 0.34141569 0.26481341
0.34440000 0.34170267 0.26503591
0.34480000 0.34210260 0.26534599
0.34520000 0.34251502 0.26566575
0.34560000 0.34295126 0.26600399
0.34600000 0.34302820 0.26606364
0.34640000 0.34304781 0.26607885
0.34680000 0.34326767 0.26624931
0.34720000 0.34398767 0.26680755
0.34760000 0.34818005 0.27005806
0.34800000 0.34876703 0.27051317
0.34840000 0.34918862 0.27084004
0.34880000 0.34932519 0.27094593
0.34920000 0.34605356 0.26840932
0.34960000 0.34653764 0.26878464
0.35000000 0.34691539 0.26907752
0.35040000 0.34706087 0.26919032
0.35080000 0.34762017 0.26962397
0.35120000 0.34824888 0.27011143
0.35160000 0.34826271 0.27012215
0.35200000 0.34867750 0.27044375
0.35240000 0.34879698 0.27053639
0.35280000 0.34967736 0.27121898
0.35320000 0.35040797 0.27178545
0.35360000 0.35090822 0.27217331
0.35400000 0.35101082 0.27225286
0.35440000 0.35137113 0.27253222
0.35480000 0.35178246 0.27285114
0.35520000 0.35161935 0.27272468
0.35560000 0.35193048 0.27296591
0.35600000 0.35248870 0.27339871
0.35640000 0.35296341 0.27376678
0.35680000 0.35380904 0.27442242
0.35720000 0.34989545 0.27138808
0.35760000 0.34979113 0.27130719
0.35800000 0.35006153 0.27151684
0.35840000 0.35077549 0.27207040
0.35880000 0.35284163 0.27367235
0.35920000 0.35637278 0.27641018
0.35960000 0.35677978 0.27672575
0.36000000 0.35698717 0.27688655
0.36040000 0.35710363 0.27697684
0.36080000 0.35750664 0.27728931
0.36120000 0.35836200 0.27795250
0.36160000 0.35447294 0.27493717
0.36200000 0.35430608 0.27480779
0.36240000 0.35447605 0.27493958
0.36280000 0.35563757 0.27584015
0.36320000 0.36004489 0.27925731
0.36360000 0.36059659 0.27968506
0.36400000 0.36093228 0.27994533
0.36440000 0.36134224 0.28026319
0.36480000 0.36193196 0.28072042
0.36520000 0.36221834 0.28094246
0.36560000 0.36237394 0.28106310
0.36600000 0.36251161 0.28116985
0.36640000 0.36303286 0.28157399
0.36680000 0.36366675 0.28206547
0.36720000 0.36395971 0.28229261
0.36760000 0.36436727 0.28260860
0.36800000 0.36484659 0.28298024
0.36840000 0.36565161 0.28360440
0.36880000 0.36582536 0.28373912
0.36920000 0.36616740 0.28400432
0.36960000 0.36665339 0.28438112
0.37000000 0.36715918 0.28477327
0.37040000 0.36742699 0.28498092
0.37080000 0.36731369 0.28489307
0.37120000 0.36732844 0.28490451
0.37160000 0.36786941 0.28532394
0.37200000 0.36838979 0.28572741
0.37240000 0.36918987 0.28634774
0.37280000 0.36965597 0.28670913
0.37320000 0.36997150 0.28695377
0.37360000 0.37042919 0.28730864
0.37400000 0.37101477 0.28776265
0.37440000 0.37151246 0.28814854
0.37480000 0.37157215 0.28819482
0.37520000 0.37160830 0.28822284
0.37560000 0.37201868 0.28854103
0.37600000 0.37260123 0.28899270
0.37640000 0.37298180 0.28928777
0.37680000 0.37362840 0.28978910
0.37720000 0.37420241 0.29023415
0.37760000 0.37453438 0.29049154
0.37800000 0.37477820 0.29068058
0.37840000 0.37508602 0.29091925
0.37880000 0.37509042 0.29092266
0.37920000 0.37542838 0.29118469
0.37960000 0.37617897 0.29176665
0.38000000 0.37679799 0.29224660
0.38040000 0.37733120 0.29266001
0.38080000 0.37743721 0.29274221
0.38120000 0.37804671 0.29321478
0.38160000 0.37830934 0.29341840
0.38200000 0.37814078 0.29328771
0.38240000 0.37835017 0.29345006
0.38280000 0.37888998 0.29386860
0.38320000 0.37977336 0.29455351
0.38360000 0.38056120 0.29516435
0.38400000 0.38118882 0.29565097
0.38440000 0.38143150 0.29583913
0.38480000 0.38159107 0.29596285
0.38520000 0.38092975 0.29545010
0.38560000 0.38124882 0.29569749
0.38600000 0.38199512 0.29627613
0.38640000 0.38295994 0.29702419
0.38680000 0.38390239 0.29775490
0.38720000 0.38391922 0.29776795
0.38760000 0.38426764 0.29803809
0.38800000 0.38435496 0.29810579
0.38840000 0.38453534 0.29824565
0.38880000 0.38476419 0.29842309
0.38920000 0.38576360 0.29919796
0.38960000 0.38641436 0.29970252
0.39000000 0.38690224 0.30008079
0.39040000 0.38744265 0.30049980
0.39080000 0.38701516 0.30016834
0.39120000 0.38717620 0.30029320
0.39160000 0.38744131 0.30049875
0.39200000 0.38778465 0.30076496
0.39240000 0.38883316 0.30157791
0.39280000 0.38928815 0.30193068
0.39320000 0.38969363 0.30224506
0.39360000 0.38994271 0.30243818
0.39400000 0.39000007 0.30248265
0.39440000 0.39034554 0.30275051
0.39480000 0.39087090 0.30315784
0.39520000 0.39112000 0.30335098
0.39560000 0.39211841 0.30412508
0.39600000 0.39298176 0.30479447
0.39640000 0.39324411 0.30499788
0.39680000 0.39286333 0.30470264
0.39720000 0.38796515 0.30090491
0.39760000 0.38746231 0.30051504
0.39800000 0.38807719 0.30099178
0.39840000 0.38900663 0.30171241
0.39880000 0.39578873 0.30697081
0.39920000 0.39596575 0.30710807
0.39960000 0.39666452 0.30764985
0.40000000 0.39659773 0.30759806
0.40040000 0.39652292 0.30754006
0.40080000 0.39104840 0.30329547
0.40120000 0.39128918 0.30348215
0.40160000 0.39166047 0.30377002
0.40200000 0.39273490 0.30460307
0.40240000 0.39320658 0.30496878
0.40280000 0.39308698 0.30487605
0.40320000 0.39958172 0.30991166
0.40360000 0.40013629 0.31034164
0.40400000 0.40049519 0.31061991
0.40440000 0.40041009 0.31055392
0.40480000 0.40066807 0.31075394
0.40520000 0.40088979 0.31092585
0.40560000 0.40150028 0.31139919
0.40600000 0.40246019 0.31214344
0.40640000 0.40280850 0.31241350
0.40680000 0.40343638 0.31290031
0.40720000 0.40411796 0.31342877
0.40760000 0.40388986 0.31325192
0.40800000 0.40378288 0.31316898
0.40840000 0.40428295 0.31355670
0.40880000 0.40103446 0.31103802
0.40920000 0.40040403 0.31054922
0.40960000 0.40029181 0.31046222
0.41000000 0.40062506 0.31072060
0.41040000 0.40132626 0.31126427
0.41080000 0.40201114 0.31179528
0.41120000 0.40747364 0.31603055
0.41160000 0.40744330 0.31600703
0.41200000 0.40760839 0.31613503
0.41240000 0.40795641 0.31640486
0.41280000 0.40569681 0.31465291
0.41320000 0.40365851 0.31307254
0.41360000 0.40405696 0.31338147
0.41400000 0.40466251 0.31385098
0.41440000 0.40455228 0.31376552
0.41480000 0.41095286 0.31872812
0.41520000 0.41111266 0.31885202
0.41560000 0.41130584 0.31900180
0.41600000 0.41167335 0.31928674
0.41640000 0.41233666 0.31980103
0.41680000 0.41315706 0.32043712
0.41720000 0.40754837 0.31608850
0.41760000 0.40823687 0.31662232
0.41800000 0.40870967 0.31698889
0.41840000 0.41137938 0.31905881
0.41880000 0.41449912 0.32147766
0.41920000 0.41505129 0.32190578
0.41960000 0.41579162 0.32247979
0.42000000 0.41615353 0.32276039
0.42040000 0.41060639 0.31845949
0.42080000 0.41192055 0.31947841
0.42120000 0.41132624 0.31901762
0.42160000 0.41099561 0.31876127
0.42200000 0.41133122 0.31902148
0.42240000 0.41197141 0.31951784
0.42280000 0.41260085 0.32000587
0.42320000 0.41402713 0.32111172
0.42360000 0.41992708 0.32568616
0.42400000 0.42051176 0.32613949
0.42440000 0.42008327 0.32580727
0.42480000 0.42031525 0.32598712
0.42520000 0.41500632 0.32187092
0.42560000 0.41581101 0.32249482
0.42600000 0.41615202 0.32275922
0.42640000 0.41637715 0.32293377
0.42680000 0.41696698 0.32339108
0.42720000 0.41747133 0.32378213
0.42760000 0.41758104 0.32386719
0.42800000 0.41779867 0.32403593
0.42840000 0.41813636 0.32429775
0.42880000 0.41835487 0.32446717
0.42920000 0.41875785 0.32477961
0.42960000 0.41940423 0.32528078
0.43000000 0.41956179 0.32540294
0.43040000 0.42006234 0.32579103
0.43080000 0.42025953 0.32594392
0.43120000 0.42055068 0.32616966
0.43160000 0.42114879 0.32663340
0.43200000 0.42222879 0.32747077
0.43240000 0.42862790 0.33243223
0.43280000 0.42923023 0.33289924
0.43320000 0.42965799 0.33323090
0.43360000 0.43006848 0.33354916
0.43400000 0.43011896 0.33358830
0.43440000 0.42993085 0.33344245
0.43480000 0.43025988 0.33369756
0.43520000 0.43068135 0.33402434
0.43560000 0.43106135 0.33431897
0.43600000 0.43173952 0.33484478
0.43640000 0.43248404 0.33542203
0.43680000 0.43297140 0.33579990
0.43720000 0.43329403 0.33605005
0.43760000 0.43368555 0.33635361
0.43800000 0.42804812 0.33198270
0.43840000 0.42843614 0.33228355
0.43880000 0.42245600 0.32764692
0.43880000 0.42245600 0.32764692
0.43840000 0.42228881 0.32751730
0.43800000 0.42247259 0.32765979
0.43760000 0.42179141 0.32713165
0.43720000 0.42127264 0.32672942
0.43680000 0.42305348 0.32811017
0.43640000 0.42249931 0.32768051
0.43600000 0.42193685 0.32724441
0.43560000 0.41643992 0.32298244
0.43520000 0.41632114 0.32289034
0.43480000 0.41571190 0.32241798
0.43440000 0.41577208 0.32246464
0.43400000 0.41546390 0.32222570
0.43360000 0.41512420 0.32196232
0.43320000 0.41944899 0.32531548
0.43280000 0.41831125 0.32443335
0.43240000 0.41825365 0.32438869
0.43200000 0.41307364 0.32037244
0.43160000 0.41233681 0.31980115
0.43120000 0.41224834 0.31973255
0.43080000 0.41208562 0.31960639
0.43040000 0.41213458 0.31964435
0.43000000 0.41626909 0.32284999
0.42960000 0.41575910 0.32245458
0.42920000 0.41528578 0.32208759
0.42880000 0.40975035 0.31779577
0.42840000 0.40931702 0.31745980
0.42800000 0.40911120 0.31730021
0.42760000 0.40902113 0.31723038
0.42720000 0.41338647 0.32061499
0.42680000 0.41299260 0.32030960
0.42640000 0.41090426 0.31869044
0.42600000 0.40609705 0.31496324
0.42560000 0.40502822 0.31413453
0.42520000 0.40463363 0.31382859
0.42480000 0.40629976 0.31512041
0.42440000 0.40579670 0.31473036
0.42400000 0.41003208 0.31801421
0.42360000 0.41004115 0.31802124
0.42320000 0.40963850 0.31770905
0.42280000 0.40891138 0.31714529
0.42240000 0.40709003 0.31573312
0.42200000 0.40197499 0.31176725
0.42160000 0.40367016 0.31308158
0.42120000 0.40292134 0.31250099
0.42080000 0.40208336 0.31185127
0.42040000 0.40209148 0.31185757
0.42000000 0.40402038 0.31335312
0.41960000 0.40611865 0.31497998
0.41920000 0.40537583 0.31440405
0.41880000 0.40497990 0.31409706
0.41840000 0.40461609 0.31381499
0.41800000 0.40404872 0.31337509
0.41760000 0.39930702 0.30969867
0.41720000 0.39929116 0.30968638
0.41680000 0.39904755 0.30949750
0.41640000 0.39821938 0.30885539
0.41600000 0.39782378 0.30854867
0.41560000 0.40190115 0.31171000
0.41520000 0.40131622 0.31125648
0.41480000 0.40068520 0.31076723
0.41440000 0.39996027 0.31020516
0.41400000 0.39992583 0.31017846
0.41360000 0.39528535 0.30658052
0.41320000 0.39504308 0.30639269
0.41280000 0.39488174 0.30626759
0.41240000 0.39873564 0.30925566
0.41200000 0.39808460 0.30875089
0.41160000 0.39746312 0.30826903
0.41120000 0.39740632 0.30822500
0.41080000 0.39720639 0.30806998
0.41040000 0.39200361 0.30403607
0.41000000 0.39166205 0.30377125
0.40960000 0.39177327 0.30385748
0.40920000 0.39248185 0.30440687
0.40880000 0.39527600 0.30657328
0.40840000 0.39473454 0.30615346
0.40800000 0.39440669 0.30589927
0.40760000 0.39389976 0.30550623
0.40720000 0.39323601 0.30499160
0.40680000 0.39301973 0.30482391
0.40640000 0.39252136 0.30443751
0.40600000 0.39228366 0.30425321
0.40560000 0.39237694 0.30432553
0.40520000 0.39178915 0.30386980
0.40480000 0.39125269 0.30345386
0.40440000 0.39077428 0.30308293
0.40400000 0.39028693 0.30270507
0.40360000 0.38979857 0.30232642
0.40320000 0.38940788 0.30202351
0.40280000 0.38914826 0.30182222
0.40240000 0.38858586 0.30138616
0.40200000 0.38834521 0.30119958
0.40160000 0.38794420 0.30088866
0.40120000 0.38747424 0.30052429
0.40080000 0.38695034 0.30011809
0.40040000 0.38643196 0.29971617
0.40000000 0.38620989 0.29954399
0.39960000 0.38578880 0.29921751
0.39920000 0.38526714 0.29881304
0.39880000 0.38500995 0.29861363
0.39840000 0.38154050 0.29592364
0.39800000 0.37833442 0.29343785
0.39760000 0.37835588 0.29345449
0.39720000 0.38359165 0.29751397
0.39680000 0.38345060 0.29740461
0.39640000 0.38298096 0.29704048
0.39600000 0.38219048 0.29642759
0.39560000 0.38185332 0.29616618
0.39520000 0.38139843 0.29581349
0.39480000 0.38130907 0.29574420
0.39440000 0.38101350 0.29551504
0.39400000 0.38035071 0.29500115
0.39360000 0.38003676 0.29475774
0.39320000 0.37952729 0.29436272
0.39280000 0.37898222 0.29394011
0.39240000 0.37870151 0.29372246
0.39200000 0.37822761 0.29335503
0.39160000 0.37790481 0.29310475
0.39120000 0.37764616 0.29290422
0.39080000 0.37716093 0.29252800
0.39040000 0.37681667 0.29226108
0.39000000 0.37657087 0.29207050
0.38960000 0.37582318 0.29149080
0.38920000 0.37581865 0.29148728
0.38880000 0.37134474 0.28801849
0.38840000 0.37088162 0.28765942
0.38800000 0.37018085 0.28711609
0.38760000 0.36962570 0.28668566
0.38720000 0.37027492 0.28718902
0.38680000 0.37339754 0.28961011
0.38640000 0.37312484 0.28939868
0.38600000 0.37227186 0.28873732
0.38560000 0.37199958 0.28852621
0.38520000 0.37137332 0.28804066
0.38480000 0.37104950 0.28778958
0.38440000 0.37077287 0.28757510
0.38400000 0.37070576 0.28752307
0.38360000 0.37009793 0.28705180
0.38320000 0.36965389 0.28670752
0.38280000 0.36533852 0.28336165
0.38240000 0.36494679 0.28305793
0.38200000 0.36472769 0.28288805
0.38160000 0.36816949 0.28555661
0.38120000 0.36759023 0.28510749
0.38080000 0.36721932 0.28481991
0.38040000 0.36677541 0.28447572
0.38000000 0.36642681 0.28420544
0.37960000 0.36594487 0.28383177
0.37920000 0.36561488 0.28357592
0.37880000 0.36525633 0.28329793
0.37840000 0.36487284 0.28300059
0.37800000 0.36453704 0.28274023
0.37760000 0.36031064 0.27946336
0.37720000 0.35956058 0.27888180
0.37680000 0.35958284 0.27889907
0.37640000 0.35929873 0.27867878
0.37600000 0.35896201 0.27841771
0.37560000 0.36206562 0.28082405
0.37520000 0.36155567 0.28042867
0.37480000 0.36116154 0.28012309
0.37440000 0.36088462 0.27990838
0.37400000 0.36024343 0.27941124
0.37360000 0.35990099 0.27914573
0.37320000 0.35959777 0.27891064
0.37280000 0.35905313 0.27848836
0.37240000 0.35871909 0.27822937
0.37200000 0.35840486 0.27798573
0.37160000 0.35810266 0.27775142
0.37120000 0.35812219 0.27776657
0.37080000 0.35736754 0.27718146
0.37040000 0.35374223 0.27437062
0.37000000 0.35657797 0.27656927
0.36960000 0.35613456 0.27622549
0.36920000 0.35575789 0.27593344
0.36880000 0.35527710 0.27556066
0.36840000 0.35508104 0.27540866
0.36800000 0.35438698 0.27487052
0.36760000 0.35433312 0.27482876
0.36720000 0.35419963 0.27472526
0.36680000 0.35337081 0.27408265
0.36640000 0.35298660 0.27378475
0.36600000 0.35257673 0.27346697
0.36560000 0.35220700 0.27318030
0.36520000 0.35139215 0.27254852
0.36480000 0.35111599 0.27233440
0.36440000 0.35104942 0.27228279
0.36400000 0.34656371 0.26880485
0.36360000 0.34664774 0.26887001
0.36320000 0.34587626 0.26827185
0.36280000 0.34939663 0.27100132
0.36240000 0.34877875 0.27052226
0.36200000 0.34832743 0.27017233
0.36160000 0.34787396 0.26982074
0.36120000 0.34783369 0.26978952
0.36080000 0.34748777 0.26952131
0.36040000 0.34713465 0.26924752
0.36000000 0.34624919 0.26856100
0.35960000 0.34588932 0.26828198
0.35920000 0.34553904 0.26801039
0.35880000 0.34540023 0.26790277
0.35840000 0.34505242 0.26763310
0.35800000 0.34450941 0.26721208
0.35760000 0.34399871 0.26681611
0.35720000 0.34385336 0.26670342
0.35680000 0.34344125 0.26638390
0.35640000 0.34291885 0.26597886
0.35600000 0.34249297 0.26564866
0.35560000 0.34195960 0.26523512
0.35520000 0.34149304 0.26487338
0.35480000 0.34098765 0.26448153
0.35440000 0.34074954 0.26429691
0.35400000 0.34055433 0.26414556
0.35360000 0.33998228 0.26370203
0.35320000 0.33622531 0.26078911
0.35280000 0.33916111 0.26306535
0.35240000 0.33891114 0.26287154
0.35200000 0.33833949 0.26242831
0.35160000 0.33804070 0.26219666
0.35120000 0.33764363 0.26188879
0.35080000 0.33720817 0.26155116
0.35040000 0.33324493 0.25847832
0.35000000 0.33590259 0.26053890
0.34960000 0.33611289 0.26070195
0.34920000 0.33546079 0.26019636
0.34880000 0.33526227 0.26004244
0.34840000 0.33477951 0.25966813
0.34800000 0.33451199 0.25946072
0.34760000 0.33386621 0.25896002
0.34720000 0.33088501 0.25664858
0.34680000 0.33337589 0.25857986
0.34640000 0.33291566 0.25822302
0.34600000 0.33234060 0.25777716
0.34560000 0.33201450 0.25752432
0.34520000 0.33173860 0.25731040
0.34480000 0.33120667 0.25689798
0.34440000 0.33101528 0.25674959
0.34400000 0.33052373 0.25636847
0.34360000 0.33027117 0.25617265
0.34320000 0.32962111 0.25566864
0.34280000 0.32923486 0.25536916
0.34240000 0.32876869 0.25500773
0.34200000 0.32903242 0.25521220
0.34160000 0.32843055 0.25474555
0.34120000 0.32797501 0.25439235
0.34080000 0.32761458 0.25411290
0.34040000 0.32704676 0.25367265
0.34000000 0.32641816 0.25318527
0.33960000 0.32598581 0.25285006
0.33920000 0.32570089 0.25262915
0.33880000 0.32524811 0.25227809
0.33840000 0.32485235 0.25197124
0.33800000 0.32435028 0.25158197
0.33760000 0.32414991 0.25142661
0.33720000 0.32385615 0.25119885
0.33680000 0.32358521 0.25098878
0.33640000 0.32327896 0.25075134
0.33600000 0.32230746 0.24999810
0.33560000 0.32224264 0.24994784
0.33520000 0.32181918 0.24961951
0.33480000 0.32110850 0.24906850
0.33440000 0.32125795 0.24918437
0.33400000 0.32075588 0.24879510
0.33360000 0.32022633 0.24838452
0.33320000 0.31976885 0.24802982
0.33280000 0.31935402 0.24770818
0.33240000 0.31884089 0.24731033
0.33200000 0.31853977 0.24707687
0.33160000 0.31820156 0.24681464
0.33120000 0.31763384 0.24637447
0.33080000 0.31733247 0.24614080
0.33040000 0.31700933 0.24589026
0.33000000 0.31669364 0.24564549
0.32960000 0.31612246 0.24520264
0.32920000 0.31582176 0.24496949
0.32880000 0.31536959 0.24461891
0.32840000 0.31512458 0.24442894
0.32800000 0.31460939 0.24402950
0.32760000 0.31415066 0.24367383
0.32720000 0.31395009 0.24351832
0.32680000 0.31367089 0.24330185
0.32640000 0.31303234 0.24280675
0.32600000 0.31252892 0.24241644
0.32560000 0.31201920 0.24202123
0.32520000 0.31171318 0.24178396
0.32480000 0.31129474 0.24145953
0.32440000 0.31080107 0.24107677
0.32400000 0.31013810 0.24056275
0.32360000 0.31028674 0.24067799
0.32320000 0.30964051 0.24017694
0.32280000 0.30929901 0.23991217
0.32240000 0.30894091 0.23963452
0.32200000 0.30875501 0.23949038
0.32160000 0.30806916 0.23895862
0.32120000 0.30751375 0.23852799
0.32080000 0.30756085 0.23856451
0.32040000 0.30715044 0.23824630
0.32000000 0.30641487 0.23767599
0.31960000 0.30589622 0.23727386
0.31920000 0.30576056 0.23716868
0.31880000 0.30521848 0.23674838
0.31840000 0.30498481 0.23656721
0.31800000 0.30510940 0.23666381
0.31760000 0.30424577 0.23599421
0.31720000 0.30338253 0.23532490
0.31680000 0.30321985 0.23519877
0.31640000 0.30298906 0.23501983
0.31600000 0.30253115 0.23466480
0.31560000 0.30222225 0.23442530
0.31520000 0.30204952 0.23429137
0.31480000 0.30176387 0.23406990
0.31440000 0.30133492 0.23373732
0.31400000 0.30043682 0.23304099
0.31360000 0.30017656 0.23283920
0.31320000 0.29959570 0.23238883
0.31280000 0.29941113 0.23224573
0.31240000 0.29956673 0.23236638
0.31200000 0.29914599 0.23204016
0.31160000 0.29833553 0.23141178
0.31120000 0.29746039 0.23073325
0.31080000 0.29727731 0.23059130
0.31040000 0.29697520 0.23035707
0.31000000 0.29674684 0.23018001
0.30960000 0.29659100 0.23005918
0.30920000 0.29598512 0.22958942
0.30880000 0.29523918 0.22901107
0.30840000 0.29475198 0.22863332
0.30800000 0.29440370 0.22836328
0.30760000 0.29428944 0.22827470
0.30720000 0.29400683 0.22805558
0.30680000 0.29350713 0.22766814
0.30640000 0.29295042 0.22723651
0.30600000 0.29275741 0.22708686
0.30560000 0.29257627 0.22694642
0.30520000 0.29191910 0.22643688
0.30480000 0.29133072 0.22598069
0.30440000 0.29097270 0.22570311
0.30400000 0.29065540 0.22545710
0.30360000 0.29036419 0.22523131
0.30320000 0.28983076 0.22481772
0.30280000 0.28929746 0.22440424
0.30240000 0.28886042 0.22406538
0.30200000 0.28851035 0.22379396
0.30160000 0.28808843 0.22346683
0.30120000 0.28789701 0.22331841
0.30080000 0.28756706 0.22306259
0.30040000 0.28706256 0.22267144
0.30000000 0.28659656 0.22231013
0.29960000 0.28626804 0.22205542
0.29920000 0.28586179 0.22174043
0.29880000 0.28556822 0.22151281
0.29840000 0.28502766 0.22109370
0.29800000 0.28430370 0.22053239
0.29760000 0.28407188 0.22035265
0.29720000 0.28381769 0.22015557
0.29680000 0.28340830 0.21983816
0.29640000 0.28301919 0.21953646
0.29600000 0.28286009 0.21941310
0.29560000 0.28254904 0.21917193
0.29520000 0.28207428 0.21880384
0.29480000 0.28154683 0.21839489
0.29440000 0.28100866 0.21797763
0.29400000 0.28070280 0.21774048
0.29360000 0.28041127 0.21751444
0.29320000 0.27999381 0.21719077
0.29280000 0.27958037 0.21687021
0.29240000 0.27920876 0.21658209
0.29200000 0.27849860 0.21603148
0.29160000 0.27810144 0.21572355
0.29120000 0.27745145 0.21521959
0.29080000 0.27724712 0.21506116
0.29040000 0.27707952 0.21493122
0.29000000 0.27683748 0.21474356
0.28960000 0.27660272 0.21456154
0.28920000 0.27598842 0.21408525
0.28880000 0.27527273 0.21353035
0.28840000 0.27477157 0.21314178
0.28800000 0.27451502 0.21294286
0.28760000 0.27413832 0.21265080
0.28720000 0.27380588 0.21239304
0.28680000 0.27342397 0.21209693
0.28640000 0.27299856 0.21176710
0.28600000 0.27243789 0.21133239
0.28560000 0.27211311 0.21108057
0.28520000 0.27188031 0.21090008
0.28480000 0.27153239 0.21063033
0.28440000 0.27107484 0.21027557
0.28400000 0.27077379 0.21004216
0.28360000 0.27030199 0.20967635
0.28320000 0.27014051 0.20955115
0.28280000 0.26928118 0.20888488
0.28240000 0.26880373 0.20851469
0.28200000 0.26839814 0.20820022
0.28160000 0.26818967 0.20803859
0.28120000 0.26819490 0.20804265
0.28080000 0.26765633 0.20762508
0.28040000 0.26711843 0.20720802
0.28000000 0.26668515 0.20687208
0.27960000 0.26616244 0.20646680
0.27920000 0.26563331 0.20605655
0.27880000 0.26530870 0.20580487
0.27840000 0.26520320 0.20572307
0.27800000 0.26496033 0.20553477
0.27760000 0.26483344 0.20543639
0.27720000 0.26418204 0.20493133
0.27680000 0.26330795 0.20425362
0.27640000 0.26290903 0.20394432
0.27600000 0.26218982 0.20338669
0.27560000 0.26221939 0.20340962
0.27520000 0.26208489 0.20330533
0.27480000 0.26170694 0.20301230
0.27440000 0.26142271 0.20279192
0.27400000 0.26053681 0.20210505
0.27360000 0.26017004 0.20182068
0.27320000 0.25991029 0.20161929
0.27280000 0.25947371 0.20128079
0.27240000 0.25910426 0.20099434
0.27200000 0.25884135 0.20079049
0.27160000 0.25814637 0.20025165
0.27120000 0.25756434 0.19980038
0.27080000 0.25713893 0.19947055
0.27040000 0.25702569 0.19938275
0.27000000 0.25662601 0.19907286
0.26960000 0.25614698 0.19870145
0.26920000 0.25589725 0.19850783
0.26880000 0.25568163 0.19834065
0.26840000 0.25544571 0.19815773
0.26800000 0.25475511 0.19762228
0.26760000 0.25410717 0.19711991
0.26720000 0.25368227 0.19679048
0.26680000 0.25338075 0.19655669
0.26640000 0.25314190 0.19637151
0.26600000 0.25296711 0.19623598
0.26560000 0.25267913 0.19601270
0.26520000 0.25208845 0.19555473
0.26480000 0.25132247 0.19496083
0.26440000 0.25107602 0.19476975
0.26400000 0.25071350 0.19448867
0.26360000 0.25024916 0.19412865
0.26320000 0.24969323 0.19369762
0.26280000 0.24954343 0.19358148
0.26240000 0.24921423 0.19332624
0.26200000 0.24881993 0.19302052
0.26160000 0.24841992 0.19271038
0.26120000 0.24786800 0.19228246
0.26080000 0.24746362 0.19196893
0.26040000 0.24716199 0.19173506
0.26000000 0.24668529 0.19136546
0.25960000 0.24641915 0.19115911
0.25920000 0.24605674 0.19087812
0.25880000 0.24575434 0.19064366
0.25840000 0.24537403 0.19034879
0.25800000 0.24464769 0.18978563
0.25760000 0.24423980 0.18946938
0.25720000 0.24366248 0.18902176
0.25680000 0.24336060 0.18878770
0.25640000 0.24311241 0.18859527
0.25600000 0.24290102 0.18843138
0.25560000 0.24254233 0.18815327
0.25520000 0.24207934 0.18779429
0.25480000 0.24142069 0.18728362
0.25440000 0.24106530 0.18700807
0.25400000 0.24061004 0.18665509
0.25360000 0.24029731 0.18641262
0.25320000 0.23994388 0.18613859
0.25280000 0.23975350 0.18599099
0.25240000 0.23923744 0.18559087
0.25200000 0.23869684 0.18517172
0.25160000 0.23848478 0.18500730
0.25120000 0.23780254 0.18447833
0.25080000 0.23747971 0.18422803
0.25040000 0.23730815 0.18409502
0.25000000 0.23692284 0.18379627
0.24960000 0.23648035 0.18345319
0.24920000 0.23600259 0.18308277
0.24880000 0.23537137 0.18259336
0.24840000 0.23496633 0.18227932
0.24800000 0.23484779 0.18218741
0.24760000 0.23443267 0.18186555
0.24720000 0.23399863 0.18152903
0.24680000 0.23380920 0.18138216
0.24640000 0.23318974 0.18090187
0.24600000 0.23265451 0.18048688
0.24560000 0.23235582 0.18025530
0.24520000 0.23203186 0.18000411
0.24480000 0.23121179 0.17936829
0.24440000 0.23126586 0.17941021
0.24400000 0.23082684 0.17906982
0.24360000 0.23031133 0.17867013
0.24320000 0.22994603 0.17838689
0.24280000 0.22936438 0.17793592
0.24240000 0.22908694 0.17772081
0.24200000 0.22893571 0.17760356
0.24160000 0.22883945 0.17752892
0.24120000 0.22835635 0.17715436
0.24080000 0.22767127 0.17662319
0.24040000 0.22688321 0.17601218
0.24000000 0.22650803 0.17572129
0.23960000 0.22634302 0.17559335
0.23920000 0.22636636 0.17561145
0.23880000 0.22598115 0.17531278
0.23840000 0.22542270 0.17487979
0.23800000 0.22471524 0.17433127
0.23760000 0.22428752 0.17399964
0.23720000 0.22381609 0.17363413
0.23680000 0.22380176 0.17362302
0.23640000 0.22352455 0.17340809
0.23600000 0.22308069 0.17306395
0.23560000 0.22226159 0.17242887
0.23520000 0.22188246 0.17213492
0.23480000 0.22132034 0.17169908
0.23440000 0.22111808 0.17154226
0.23400000 0.22070221 0.17121983
0.23360000 0.22031758 0.17092160
0.23320000 0.22009095 0.17074589
0.23280000 0.21947562 0.17026880
0.23240000 0.21890232 0.16982430
0.23200000 0.21874047 0.16969882
0.23160000 0.21860522 0.16959395
0.23120000 0.21796051 0.16909408
0.23080000 0.21771188 0.16890131
0.23040000 0.21723373 0.16853059
0.23000000 0.21659276 0.16803362
0.22960000 0.21630762 0.16781253
0.22920000 0.21616209 0.16769970
0.22880000 0.21586957 0.16747290
0.22840000 0.21536478 0.16708152
0.22800000 0.21492285 0.16673887
0.22760000 0.21422843 0.16620046
0.22720000 0.21378663 0.16585793
0.22680000 0.21347874 0.16561920
0.22640000 0.21319959 0.16540277
0.22600000 0.21328983 0.16547273
0.22560000 0.21248520 0.16484888
0.22520000 0.21198117 0.16445808
0.22480000 0.21194166 0.16442745
0.22440000 0.21141245 0.16401713
0.22400000 0.21080165 0.16354355
0.22360000 0.21070004 0.16346478
0.22320000 0.21036669 0.16320631
0.22280000 0.20945675 0.16250081
0.22240000 0.20916180 0.16227212
0.22200000 0.20858072 0.16182159
0.22160000 0.20850287 0.16176123
0.22120000 0.20821290 0.16153640
0.22080000 0.20791280 0.16130373
0.22040000 0.20711041 0.16068161
0.22000000 0.20704108 0.16062785
0.21960000 0.20633510 0.16008048
0.21920000 0.20607956 0.15988235
0.21880000 0.20578561 0.15965444
0.21840000 0.20522145 0.15921702
0.21800000 0.20490782 0.15897386
0.21760000 0.20458661 0.15872481
0.21720000 0.20401542 0.15828195
0.21680000 0.20377948 0.15809901
0.21640000 0.20324612 0.15768548
0.21600000 0.20281515 0.15735133
0.21560000 0.20243835 0.15705919
0.21520000 0.20222854 0.15689651
0.21480000 0.20191999 0.15665728
0.21440000 0.20135457 0.15621889
0.21400000 0.20090061 0.15586692
0.21360000 0.20035496 0.15544385
0.21320000 0.20002197 0.15518568
0.21280000 0.19964981 0.15489713
0.21240000 0.19936168 0.15467373
0.21200000 0.19914452 0.15450536
0.21160000 0.19885332 0.15427958
0.21120000 0.19808435 0.15368337
0.21080000 0.19745728 0.15319717
0.21040000 0.19738209 0.15313888
0.21000000 0.19678265 0.15267411
0.20960000 0.19655219 0.15249543
0.20920000 0.19612930 0.15216755
0.20880000 0.19577957 0.15189639
0.20840000 0.19532017 0.15154020
0.20800000 0.19472671 0.15108007
0.20760000 0.19431770 0.15076295
0.20720000 0.19395369 0.15048072
0.20680000 0.19369905 0.15028328
0.20640000 0.19346273 0.15010006
0.20600000 0.19313215 0.14984374
0.20560000 0.19242563 0.14929596
0.20520000 0.19210930 0.14905069
0.20480000 0.19185832 0.14885610
0.20440000 0.19116095 0.14831540
0.20400000 0.19105557 0.14823370
0.20360000 0.19060407 0.14788364
0.20320000 0.19012493 0.14751214
0.20280000 0.18963265 0.14713046
0.20240000 0.18927106 0.14685010
0.20200000 0.18889021 0.14655481
0.20160000 0.18849438 0.14624791
0.20120000 0.18832265 0.14611477
0.20080000 0.18778597 0.14569865
0.20040000 0.18737363 0.14537896
0.20000000 0.18699756 0.14508737
0.19960000 0.18643070 0.14464787
0.19920000 0.18605231 0.14435449
0.19880000 0.18570223 0.14408305
0.19840000 0.18528696 0.14376109
0.19800000 0.18511320 0.14362636
0.19760000 0.18468051 0.14329088
0.19720000 0.18415808 0.14288582
0.19680000 0.18375717 0.14257498
0.19640000 0.18331573 0.14223272
0.19600000 0.18302629 0.14200830
0.19560000 0.18240674 0.14152794
0.19520000 0.18197103 0.14119012
0.19480000 0.18174165 0.14101228
0.19440000 0.18140753 0.14075322
0.19400000 0.18106631 0.14048866
0.19360000 0.18058586 0.14011615
0.19320000 0.18016688 0.13979130
0.19280000 0.17961449 0.13936301
0.19240000 0.17902504 0.13890599
0.19200000 0.17914712 0.13900064
0.19160000 0.17932381 0.13913764
0.19120000 0.17837128 0.13839910
0.19080000 0.17794719 0.13807029
0.19040000 0.17730315 0.13757094
0.19000000 0.17678118 0.13716624
0.18960000 0.18038725 0.13996216
0.18920000 0.17973555 0.13945687
0.18880000 0.17910342 0.13896676
0.18840000 0.17826140 0.13831391
0.18800000 0.17490802 0.13571391
0.18760000 0.17449917 0.13539691
0.18720000 0.17413374 0.13511358
0.18680000 0.17364265 0.13473283
0.18640000 0.17338736 0.13453489
0.18600000 0.17308684 0.13430188
0.18560000 0.17265447 0.13396665
0.18520000 0.17208427 0.13352456
0.18480000 0.17171530 0.13323848
0.18440000 0.17149500 0.13306767
0.18400000 0.17120350 0.13284166
0.18360000 0.17060222 0.13237547
0.18320000 0.17006198 0.13195660
0.18280000 0.16954857 0.13155853
0.18240000 0.16969408 0.13167135
0.18200000 0.16908703 0.13120068
0.18160000 0.16879530 0.13097450
0.18120000 0.16838423 0.13065578
0.18080000 0.16777810 0.13018583
0.18040000 0.16735633 0.12985881
0.18000000 0.16685958 0.12947366
0.17960000 0.16645728 0.12916174
0.17920000 0.16626514 0.12901277
0.17880000 0.16585656 0.12869598
0.17840000 0.16550780 0.12842558
0.17800000 0.16512444 0.12812835
0.17760000 0.16470854 0.12780588
0.17720000 0.16416594 0.12738518
0.17680000 0.16356379 0.12691831
0.17640000 0.16334394 0.12674786
0.17600000 0.16300313 0.12648361
0.17560000 0.16264721 0.12620766
0.17520000 0.16235755 0.12598307
0.17480000 0.16538833 0.12833295
0.17440000 0.16498889 0.12802325
0.17400000 0.16441990 0.12758209
0.17360000 0.16056223 0.12459110
0.17320000 0.16027588 0.12436908
0.17280000 0.15973220 0.12394754
0.17240000 0.15946328 0.12373904
0.17200000 0.15904042 0.12341118
0.17160000 0.15844950 0.12295302
0.17120000 0.15826169 0.12280740
0.17080000 0.15774804 0.12240915
0.17040000 0.16015322 0.12427398
0.17000000 0.16045873 0.12451085
0.16960000 0.15993969 0.12410842
0.16920000 0.15980968 0.12400761
0.16880000 0.15942841 0.12371200
0.16840000 0.15514889 0.12039393
0.16800000 0.15519277 0.12042796
0.16760000 0.15451618 0.11990337
0.16720000 0.15419976 0.11965804
0.16680000 0.15381905 0.11936286
0.16640000 0.15329497 0.11895652
0.16600000 0.15285612 0.11861627
0.16560000 0.15246560 0.11831348
0.16520000 0.15221187 0.11811675
0.16480000 0.15182820 0.11781928
0.16440000 0.15136869 0.11746301
0.16400000 0.15099705 0.11717486
0.16360000 0.15062985 0.11689016
0.16320000 0.15035991 0.11668086
0.16280000 0.14996843 0.11637733
0.16240000 0.14940517 0.11594062
0.16200000 0.14888972 0.11554097
0.16160000 0.14856781 0.11529138
0.16120000 0.14814081 0.11496031
0.16080000 0.14791090 0.11478206
0.16040000 0.14752756 0.11448484
0.16000000 0.14723417 0.11425736
0.15960000 0.14694109 0.11403012
0.15920000 0.14622622 0.11347586
0.15880000 0.14570972 0.11307540
0.15840000 0.14553104 0.11293686
0.15800000 0.14498354 0.11251237
0.15760000 0.14473866 0.11232250
0.15720000 0.14401703 0.11176300
0.15680000 0.14383432 0.11162134
0.15640000 0.14342372 0.11130298
0.15600000 0.14300112 0.11097533
0.15560000 0.14273410 0.11076829
0.15520000 0.14234527 0.11046682
0.15480000 0.14170096 0.10996726
0.15440000 0.14128568 0.10964528
0.15400000 0.14076583 0.10924222
0.15360000 0.14074539 0.10922637
0.15320000 0.14036919 0.10893469
0.15280000 0.13995108 0.10861051
0.15240000 0.13935996 0.10815220
0.15200000 0.13911687 0.10796372
0.15160000 0.13872696 0.10766141
0.15120000 0.13814490 0.10721012
0.15080000 0.13789148 0.10701363
0.15040000 0.13734919 0.10659317
0.15000000 0.13694682 0.10628120
0.14960000 0.13657536 0.10599320
0.14920000 0.13619530 0.10569852
0.14880000 0.13577250 0.10537071
0.14840000 0.13539326 0.10507667
0.14800000 0.13514009 0.10488038
0.14760000 0.13450517 0.10438810
0.14720000 0.13448767 0.10437453
0.14680000 0.13374916 0.10380194
0.14640000 0.13346198 0.10357928
0.14600000 0.13302575 0.10324105
0.14560000 0.13262357 0.10292923
0.14520000 0.13199767 0.10244395
0.14480000 0.13199768 0.10244395
0.14440000 0.13137092 0.10195800
0.14400000 0.13104753 0.10170727
0.14360000 0.13060925 0.10136745
0.14320000 0.13026569 0.10110108
0.14280000 0.12989264 0.10081184
0.14240000 0.13265956 0.10295713
0.14200000 0.13246114 0.10280329
0.14160000 0.13211925 0.10253821
0.14120000 0.13172938 0.10223593
0.14080000 0.13116634 0.10179939
0.14040000 0.12749574 0.09895344
0.14000000 0.12709160 0.09864009
0.13960000 0.12658429 0.09824675
0.13920000 0.12619185 0.09794248
0.13880000 0.12567615 0.09754264
0.13840000 0.12548785 0.09739664
0.13800000 0.12516825 0.09714885
0.13760000 0.12462180 0.09672516
0.13720000 0.12401347 0.09625350
0.13680000 0.12345950 0.09582399
0.13640000 0.12336240 0.09574870
0.13600000 0.12301055 0.09547590
0.13560000 0.12260327 0.09516013
0.13520000 0.12235399 0.09496685
0.13480000 0.12192490 0.09463416
0.13440000 0.12133177 0.09417428
0.13400000 0.12077809 0.09374499
0.13360000 0.12058787 0.09359751
0.13320000 0.12016351 0.09326849
0.13280000 0.11992896 0.09308663
0.13240000 0.11953697 0.09278270
0.13200000 0.11912000 0.09245942
0.13160000 0.11854467 0.09201334
0.13120000 0.11803838 0.09162080
0.13080000 0.11727276 0.09102718
0.13040000 0.11750618 0.09120816
0.13000000 0.11681105 0.09066921
0.12960000 0.11627541 0.09025390
0.12920000 0.11611684 0.09013096
0.12880000 0.11577495 0.08986588
0.12840000 0.11556680 0.08970449
0.12800000 0.11528193 0.08948362
0.12760000 0.11463009 0.08897822
0.12720000 0.11427787 0.08870513
0.12680000 0.11400681 0.08849497
0.12640000 0.11355445 0.08814424
0.12600000 0.11295871 0.08768235
0.12560000 0.11232461 0.08719070
0.12520000 0.11194639 0.08689745
0.12480000 0.11180032 0.08678420
0.12440000 0.11136680 0.08644808
0.12400000 0.11043878 0.08572855
0.12360000 0.11050228 0.08577778
0.12320000 0.11055525 0.08581885
0.12280000 0.10978959 0.08522521
0.12240000 0.10947775 0.08498343
0.12200000 0.10949787 0.08499902
0.12160000 0.10889388 0.08453073
0.12120000 0.10824885 0.08403062
0.12080000 0.10762940 0.08355033
0.12040000 0.10732910 0.08331750
0.12000000 0.10703370 0.08308846
0.11960000 0.10716593 0.08319099
0.11920000 0.10584860 0.08216962
0.11880000 0.10565258 0.08201763
0.11840000 0.10554560 0.08193468
0.11800000 0.10524854 0.08170437
0.11760000 0.10473878 0.08130913
0.11720000 0.10445577 0.08108970
0.11680000 0.10408485 0.08080212
0.11640000 0.10360713 0.08043172
0.11600000 0.10308798 0.08002921
0.11560000 0.10250091 0.07957403
0.11520000 0.10238997 0.07948802
0.11480000 0.10180338 0.07903321
0.11440000 0.10183285 0.07905606
0.11400000 0.10198152 0.07917132
0.11360000 0.10028038 0.07785237
0.11320000 0.10056006 0.07806921
0.11280000 0.09978950 0.07747177
0.11240000 0.09945018 0.07720869
0.11200000 0.09912930 0.07695990
0.11160000 0.09876635 0.07667848
0.11120000 0.09836832 0.07636988
0.11080000 0.09793859 0.07603670
0.11040000 0.09740723 0.07562471
0.11000000 0.09714693 0.07542289
0.10960000 0.09683033 0.07517742
0.10920000 0.09938521 0.07715831
0.10880000 0.09928093 0.07707746
0.10840000 0.09875443 0.07666924
0.10800000 0.09478242 0.07358960
0.10760000 0.09455671 0.07341460
0.10720000 0.09420849 0.07314461
0.10680000 0.09365922 0.07271874
0.10640000 0.09346712 0.07256980
0.10600000 0.09308832 0.07227610
0.10560000 0.09265759 0.07194214
0.10520000 0.09550154 0.07414716
0.10480000 0.09541136 0.07407724
0.10440000 0.09552599 0.07416612
0.10400000 0.09517176 0.07389147
0.10360000 0.09411019 0.07306840
0.10320000 0.09335741 0.07248474
0.10280000 0.09303803 0.07223711
0.10240000 0.09250080 0.07182057
0.10200000 0.08910864 0.06919051
0.10160000 0.08867379 0.06885336
0.10120000 0.08817042 0.06846307
0.10080000 0.08787482 0.06823389
0.10040000 0.08737250 0.06784441
0.10000000 0.08685007 0.06743935
0.09960000 0.08642000 0.06710591
0.09920000 0.08616644 0.06690931
0.09880000 0.08559962 0.06646984
0.09840000 0.08536360 0.06628684
0.09800000 0.08473275 0.06579772
0.09760000 0.08476102 0.06581964
0.09720000 0.08782915 0.06819847
0.09680000 0.08702853 0.06757773
0.09640000 0.08664978 0.06728407
0.09600000 0.08616225 0.06690606
0.09560000 0.08250806 0.06407284
0.09520000 0.08245020 0.06402798
0.09480000 0.08192858 0.06362355
0.09440000 0.08130276 0.06313832
0.09400000 0.08094365 0.06285989
0.09360000 0.08056513 0.06256641
0.09320000 0.08027686 0.06234291
0.09280000 0.07992110 0.06206707
0.09240000 0.07947844 0.06172386
0.09200000 0.07899107 0.06134599
0.09160000 0.07859922 0.06104217
0.09120000 0.07956027 0.06178731
0.09080000 0.07951346 0.06175101
0.09040000 0.07742348 0.06013058
0.09000000 0.07689583 0.05972147
0.08960000 0.07662224 0.05950935
0.08920000 0.07620723 0.05918758
0.08880000 0.07593775 0.05897863
0.08840000 0.07550924 0.05864640
0.08800000 0.07517213 0.05838503
0.08760000 0.07480838 0.05810300
0.08720000 0.07428022 0.05769349
0.08680000 0.07391966 0.05741394
0.08640000 0.07338160 0.05699676
0.08600000 0.07297718 0.05668320
0.08560000 0.07268404 0.05645592
0.08520000 0.07216323 0.05605211
0.08480000 0.07182440 0.05578940
0.08440000 0.07146579 0.05551136
0.08400000 0.07124460 0.05533987
0.08360000 0.07072407 0.05493628
0.08320000 0.07024799 0.05456716
0.08280000 0.07427779 0.05769161
0.08240000 0.07303594 0.05672876
0.08200000 0.07279918 0.05654519
0.08160000 0.07203041 0.05594913
0.08120000 0.06838258 0.05312083
0.08080000 0.06785727 0.05271355
0.08040000 0.06777154 0.05264708
0.08000000 0.06648075 0.05164628
0.07960000 0.06643787 0.05161303
0.07920000 0.06749742 0.05243454
0.07880000 0.06585754 0.05116308
0.07840000 0.06534874 0.05076859
0.07800000 0.06492707 0.05044165
0.07760000 0.06438736 0.05002319
0.07720000 0.06535681 0.05077485
0.07680000 0.06366340 0.04946189
0.07640000 0.06348842 0.04932621
0.07600000 0.06339679 0.04925517
0.07560000 0.06274558 0.04875026
0.07520000 0.06248263 0.04854639
0.07480000 0.06216454 0.04829977
0.07440000 0.06134941 0.04766776
0.07400000 0.06080040 0.04724210
0.07360000 0.06086777 0.04729433
0.07320000 0.06048076 0.04699426
0.07280000 0.05983831 0.04649615
0.07240000 0.05926395 0.04605083
0.07200000 0.05885816 0.04573621
0.07160000 0.05852593 0.04547861
0.07120000 0.05821525 0.04523774
0.07080000 0.05768501 0.04482662
0.07040000 0.05737391 0.04458541
0.07000000 0.05693125 0.04424220
0.06960000 0.05963476 0.04633833
0.06920000 0.05913259 0.04594898
0.06880000 0.05912993 0.04594692
0.06840000 0.05895693 0.04581278
0.06800000 0.05844913 0.04541907
0.06760000 0.05828326 0.04529046
0.06720000 0.05838019 0.04536561
0.06680000 0.05816826 0.04520130
0.06640000 0.05773045 0.04486185
0.06600000 0.05734023 0.04455930
0.06560000 0.05590497 0.04344648
0.06520000 0.05248816 0.04079731
0.06480000 0.05185866 0.04030924
0.06440000 0.05146730 0.04000580
0.06400000 0.05127963 0.03986029
0.06360000 0.05496742 0.04271957
0.06320000 0.05463276 0.04246010
0.06280000 0.05408811 0.04203781
0.06240000 0.05290155 0.04111783
0.06200000 0.04899787 0.03809116
0.06160000 0.04852992 0.03772834
0.06120000 0.04824407 0.03750671
0.06080000 0.04780566 0.03716680
0.06040000 0.04997570 0.03884931
0.06000000 0.05088598 0.03955508
0.05960000 0.05058554 0.03932214
0.05920000 0.05004582 0.03890367
0.05880000 0.04617328 0.03590115
0.05840000 0.04566074 0.03550376
0.05800000 0.04527941 0.03520810
0.05760000 0.04487099 0.03489144
0.05720000 0.04437709 0.03450850
0.05680000 0.04404086 0.03424781
0.05640000 0.04347084 0.03380585
0.05600000 0.04608618 0.03583362
0.05560000 0.04545701 0.03534580
0.05520000 0.04516903 0.03512252
0.05480000 0.04512070 0.03508505
0.05440000 0.04222574 0.03284048
0.05400000 0.04206260 0.03271399
0.05360000 0.04178619 0.03249968
0.05320000 0.04135263 0.03216353
0.05280000 0.04330608 0.03367811
0.05240000 0.04237579 0.03295682
0.05200000 0.04180387 0.03251339
0.05160000 0.04179233 0.03250444
0.05120000 0.03843217 0.02989919
0.05080000 0.03820797 0.02972536
0.05040000 0.03761519 0.02926575
0.05000000 0.03733836 0.02905112
0.04960000 0.04033646 0.03137565
0.04920000 0.04063396 0.03160631
0.04880000 0.04003533 0.03114218
0.04840000 0.03989963 0.03103697
0.04800000 0.03508746 0.02730591
0.04760000 0.03476546 0.02705625
0.04720000 0.03426544 0.02666857
0.04680000 0.03386969 0.02636173
0.04640000 0.03360538 0.02615680
0.04600000 0.03286244 0.02558077
0.04560000 0.03354369 0.02610897
0.04520000 0.03240146 0.02522336
0.04480000 0.03182485 0.02477629
0.04440000 0.03169312 0.02467416
0.04400000 0.03125521 0.02433463
0.04360000 0.03071979 0.02391949
0.04320000 0.03023143 0.02354085
0.04280000 0.02988695 0.02327376
0.04240000 0.02953160 0.02299825
0.04200000 0.02923160 0.02276565
0.04160000 0.02863027 0.02229942
0.04120000 0.02808943 0.02188008
0.04080000 0.03096045 0.02410609
0.04040000 0.03029774 0.02359226
0.04000000 0.03007432 0.02341904
0.03960000 0.02964809 0.02308857
0.03920000 0.02934394 0.02285275
0.03880000 0.02915739 0.02270811
0.03840000 0.02885671 0.02247498
0.03800000 0.02814081 0.02191992
0.03760000 0.02759059 0.02149331
0.03720000 0.02737570 0.02132670
0.03680000 0.02731008 0.02127582
0.03640000 0.02402612 0.01872965
0.03600000 0.02391040 0.01863993
0.03560000 0.02223636 0.01734198
0.03520000 0.02329346 0.01816159
0.03480000 0.02235260 0.01743210
0.03440000 0.02175582 0.01696940
0.03400000 0.02099231 0.01637743
0.03360000 0.02365905 0.01844505
0.03320000 0.02357320 0.01837848
0.03280000 0.02320387 0.01809213
0.03240000 0.02260725 0.01762955
0.03200000 0.02210830 0.01724269
0.03160000 0.02180130 0.01700467
0.03120000 0.02176744 0.01697841
0.03080000 0.02159405 0.01684398
0.03040000 0.02157169 0.01682664
0.03000000 0.02064376 0.01610718
0.02960000 0.01693247 0.01322968
0.02920000 0.01689662 0.01320189
0.02880000 0.01657867 0.01295537
0.02840000 0.01607359 0.01256376
0.02800000 0.01567398 0.01225393
0.02760000 0.01488584 0.01164285
0.02720000 0.01809813 0.01413346
0.02680000 0.01753622 0.01369779
0.02640000 0.01705857 0.01332745
0.02600000 0.01642059 0.01283280
0.02560000 0.01582795 0.01237331
0.02520000 0.01269497 0.00994420
0.02480000 0.01306842 0.01023374
0.02440000 0.01270668 0.00995327
0.02400000 0.01234135 0.00967002
0.02360000 0.01152146 0.00903433
0.02320000 0.01066413 0.00836961
0.02280000 0.01271329 0.00995840
0.02240000 0.01230933 0.00964519
0.02200000 0.01180252 0.00925225
0.02160000 0.00886424 0.00697409
0.02120000 0.00840595 0.00661876
0.02080000 0.00824839 0.00649659
0.02040000 0.00786771 0.00620144
0.02000000 0.00701124 0.00553739
0.01960000 0.00657139 0.00519636
0.01920000 0.00904115 0.00711125
0.01880000 0.00903577 0.00710708
0.01840000 0.00873968 0.00687751
0.01800000 0.00835068 0.00657591
0.01760000 0.00477863 0.00380637
0.01720000 0.00404507 0.00323761
0.01680000 0.00368556 0.00295887
0.01640000 0.00340258 0.00273946
0.01600000 0.00312403 0.00252350
0.01560000 0.00305738 0.00247182
0.01520000 0.00255337 0.00208104
0.01480000 0.00261177 0.00212632
0.01440000 0.00273134 0.00221902
0.01400000 0.00215465 0.00177190
0.01360000 0.00112104 0.00097050
0.01320000 0.00053357 0.00051502
0.01280000 -0.00005196 0.00006104
0.01240000 -0.00043428 -0.00023540
0.01200000 0.00047409 0.00046890
0.01160000 -0.00007744 0.00004128
0.01120000 -0.00080339 -0.00052158
0.01080000 -0.00214705 -0.00156336
0.01040000 -0.00236271 -0.00173058
0.01000000 -0.00282728 -0.00209077
0.00960000 -0.00326294 -0.00242856
0.00920000 -0.00358850 -0.00268098
0.00880000 -0.00295244 -0.00218782
0.00840000 -0.00227048 -0.00165907
0.00800000 -0.00263566 -0.00194220
0.00760000 -0.00407510 -0.00305826
0.00720000 -0.00558183 -0.00422648
0.00680000 -0.00623739 -0.00473476
0.00640000 -0.00643621 -0.00488891
0.00600000 -0.00556370 -0.00421242
0.00560000 -0.00609825 -0.00462688
0.00520000 -0.00588034 -0.00445793
0.00480000 -0.00679435 -0.00516659
0.00440000 -0.00699757 -0.00532416
0.00400000 -0.00752222 -0.00573093
0.00360000 -0.00821799 -0.00627039
0.00320000 -0.00954915 -0.00730249
0.00280000 -0.00702805 -0.00534778
0.00240000 -0.00748422 -0.00570147
0.00200000 -0.00786069 -0.00599336
0.00160000 -0.00856205 -0.00653715
0.00120000 -0.00871033 -0.00665212
0.00080000 -0.00813487 -0.00620595
0.00040000 -0.00819007 -0.00624874
-0.00000000 -0.00872226 -0.00666137
