# strain(%), strain_el(%), stress(GPa)
0.00000000 -0.00013068 0.00000000
0.00040000 -0.00262693 -0.00193544
0.00080000 -0.00208651 -0.00151643
0.00120000 -0.00163262 -0.00116451
0.00160000 -0.00128903 -0.00089812
0.00200000 0.00035187 0.00037414
0.00240000 0.00041860 0.00042587
0.00280000 0.00052482 0.00050823
0.00320000 0.00074559 0.00067940
0.00360000 0.00100699 0.00088207
0.00400000 0.00443941 0.00354335
0.00440000 0.00426156 0.00340546
0.00480000 0.00474387 0.00377942
0.00520000 0.00510979 0.00406312
0.00560000 0.00533208 0.00423548
0.00600000 0.00617445 0.00488860
0.00640000 0.00678537 0.00536227
0.00680000 0.00703102 0.00555272
0.00720000 0.00700525 0.00553274
0.00760000 0.00744782 0.00587589
0.00800000 0.00531886 0.00422523
0.00840000 0.00562582 0.00446322
0.00880000 0.00611449 0.00484211
0.00920000 0.00627929 0.00496988
0.00960000 0.00982439 0.00771853
0.01000000 0.01089054 0.00854515
0.01040000 0.01139008 0.00893246
0.01080000 0.01094974 0.00859106
0.01120000 0.00828903 0.00652811
0.01160000 0.00863932 0.00679970
0.01200000 0.00894566 0.00703722
0.01240000 0.00930784 0.00731803
0.01280000 0.01308856 0.01024936
0.01320000 0.01357399 0.01062573
0.01360000 0.01110650 0.00871260
0.01400000 0.01101611 0.00864251
0.01440000 0.01142179 0.00895705
0.01480000 0.01186712 0.00930233
0.01520000 0.01510935 0.01181615
0.01560000 0.01562298 0.01221439
0.01600000 0.01587924 0.01241308
0.01640000 0.01331291 0.01042330
0.01680000 0.01384850 0.01083857
0.01720000 0.01428333 0.01117571
0.01760000 0.01755852 0.01371508
0.01800000 0.01893638 0.01478339
0.01840000 0.01962133 0.01531446
0.01880000 0.01928208 0.01505142
0.01920000 0.01605531 0.01254959
0.01960000 0.01764923 0.01378542
0.02000000 0.01830894 0.01429691
0.02040000 0.01827053 0.01426713
0.02080000 0.02163334 0.01687444
0.02120000 0.02226584 0.01736484
0.02160000 0.02254991 0.01758509
0.02200000 0.01881472 0.01468906
0.02240000 0.02064740 0.01611001
0.02280000 0.02118996 0.01653067
0.02320000 0.02099151 0.01637680
0.02360000 0.02055588 0.01603905
0.02400000 0.02369063 0.01846953
0.02440000 0.02430094 0.01894273
0.02480000 0.02521996 0.01965528
0.02520000 0.02379264 0.01854862
0.02560000 0.02240925 0.01747603
0.02600000 0.02411516 0.01879869
0.02640000 0.02333804 0.01819615
0.02680000 0.02367058 0.01845399
0.02720000 0.02435922 0.01898791
0.02760000 0.02462813 0.01919641
0.02800000 0.02482375 0.01934808
0.02840000 0.02630657 0.02049777
0.02880000 0.02703888 0.02106555
0.02920000 0.02616093 0.02038484
0.02960000 0.02695189 0.02099811
0.03000000 0.02992781 0.02330544
0.03040000 0.03032501 0.02361341
0.03080000 0.03048827 0.02373999
0.03120000 0.02833507 0.02207053
0.03160000 0.02865396 0.02231778
0.03200000 0.02875256 0.02239423
0.03240000 0.03039588 0.02366836
0.03280000 0.02968625 0.02311816
0.03320000 0.03292901 0.02563238
0.03360000 0.03021449 0.02352772
0.03400000 0.03214001 0.02502065
0.03440000 0.03261717 0.02539061
0.03480000 0.03210757 0.02499549
0.03520000 0.03211876 0.02500417
0.03560000 0.03636795 0.02829872
0.03600000 0.03669969 0.02855593
0.03640000 0.03709987 0.02886620
0.03680000 0.03439011 0.02676523
0.03720000 0.03412965 0.02656329
0.03760000 0.03454384 0.02688442
0.03800000 0.03816135 0.02968921
0.03840000 0.03864671 0.03006553
0.03880000 0.03933229 0.03059708
0.03920000 0.03599257 0.02800767
0.03960000 0.03658015 0.02846324
0.04000000 0.03879329 0.03017918
0.04040000 0.03888724 0.03025202
0.04080000 0.03785527 0.02945189
0.04120000 0.03813140 0.02966599
0.04160000 0.03859046 0.03002192
0.04200000 0.04199334 0.03266029
0.04240000 0.04225252 0.03286124
0.04280000 0.04250706 0.03305860
0.04320000 0.04313881 0.03354841
0.04360000 0.04419562 0.03436780
0.04400000 0.04504368 0.03502533
0.04440000 0.04489054 0.03490660
0.04480000 0.04480171 0.03483773
0.04520000 0.04202815 0.03268728
0.04560000 0.04237738 0.03295806
0.04600000 0.04288549 0.03335201
0.04640000 0.04672068 0.03632557
0.04680000 0.04736210 0.03682289
0.04720000 0.04813367 0.03742112
0.04760000 0.04821710 0.03748580
0.04800000 0.04863431 0.03780928
0.04840000 0.04856138 0.03775273
0.04880000 0.04862381 0.03780113
0.04920000 0.04897719 0.03807513
0.04960000 0.04939477 0.03839889
0.05000000 0.05004734 0.03890485
0.05040000 0.05035440 0.03914293
0.05080000 0.04755377 0.03697150
0.05120000 0.04887221 0.03799373
0.05160000 0.04823609 0.03750052
0.05200000 0.04872298 0.03787803
0.05240000 0.05269206 0.04095540
0.05280000 0.05258921 0.04087566
0.05320000 0.05293229 0.04114166
0.05360000 0.05045022 0.03921722
0.05400000 0.05071262 0.03942067
0.05440000 0.05137893 0.03993729
0.05480000 0.05513382 0.04284859
0.05520000 0.05606109 0.04356753
0.05560000 0.05619717 0.04367304
0.05600000 0.05383414 0.04184090
0.05640000 0.05434211 0.04223474
0.05680000 0.05474481 0.04254697
0.05720000 0.05419769 0.04212277
0.05760000 0.05394085 0.04192364
0.05800000 0.05491960 0.04268250
0.05840000 0.05813180 0.04517303
0.05880000 0.05856361 0.04550783
0.05920000 0.05894415 0.04580288
0.05960000 0.05949699 0.04623151
0.06000000 0.05654551 0.04394312
0.06040000 0.05807678 0.04513037
0.06080000 0.05749916 0.04468252
0.06120000 0.05786491 0.04496610
0.06160000 0.05971919 0.04640379
0.06200000 0.05877306 0.04567022
0.06240000 0.05922317 0.04601921
0.06280000 0.05964334 0.04634498
0.06320000 0.05960640 0.04631634
0.06360000 0.06360547 0.04941697
0.06400000 0.06421051 0.04988608
0.06440000 0.06463150 0.05021249
0.06480000 0.06520046 0.05065362
0.06520000 0.06599362 0.05126859
0.06560000 0.06578074 0.05110354
0.06600000 0.06318505 0.04909100
0.06640000 0.06305043 0.04898663
0.06680000 0.06413437 0.04982704
0.06720000 0.06397230 0.04970138
0.06760000 0.06751309 0.05244669
0.06800000 0.06827883 0.05304040
0.06840000 0.06841736 0.05314781
0.06880000 0.06880440 0.05344789
0.06920000 0.06964778 0.05410179
0.06960000 0.06603999 0.05130454
0.07000000 0.06709977 0.05212623
0.07040000 0.06688346 0.05195851
0.07080000 0.06889692 0.05351962
0.07120000 0.06919243 0.05374874
0.07160000 0.06868641 0.05335641
0.07200000 0.06871075 0.05337528
0.07240000 0.06903239 0.05362466
0.07280000 0.06906685 0.05365138
0.07320000 0.07318288 0.05684269
0.07360000 0.07399486 0.05747224
0.07400000 0.07390987 0.05740634
0.07440000 0.07109638 0.05522495
0.07480000 0.07149592 0.05553472
0.07520000 0.07194801 0.05588525
0.07560000 0.07597470 0.05900729
0.07600000 0.07668608 0.05955884
0.07640000 0.07699434 0.05979785
0.07680000 0.07661338 0.05950248
0.07720000 0.07399250 0.05747041
0.07760000 0.07424534 0.05766645
0.07800000 0.07485713 0.05814080
0.07840000 0.07468933 0.05801069
0.07880000 0.07547507 0.05861991
0.07920000 0.07607477 0.05908487
0.07960000 0.07642957 0.05935996
0.08000000 0.07666536 0.05954278
0.08040000 0.07696370 0.05977410
0.08080000 0.07749098 0.06018291
0.08120000 0.07802311 0.06059549
0.08160000 0.07843118 0.06091189
0.08200000 0.07872741 0.06114156
0.08240000 0.07913442 0.06145713
0.08280000 0.08307499 0.06451240
0.08320000 0.08312257 0.06454929
0.08360000 0.08358311 0.06490636
0.08400000 0.08379883 0.06507362
0.08440000 0.08122141 0.06307525
0.08480000 0.08150418 0.06329449
0.08520000 0.08194547 0.06363665
0.08560000 0.08349628 0.06483904
0.08600000 0.08398936 0.06522134
0.08640000 0.08416207 0.06535525
0.08680000 0.08344355 0.06479816
0.08720000 0.08383300 0.06510011
0.08760000 0.08433485 0.06548922
0.08800000 0.08450262 0.06561929
0.08840000 0.08490080 0.06592802
0.08880000 0.08570820 0.06655402
0.08920000 0.08601551 0.06679229
0.08960000 0.08630097 0.06701362
0.09000000 0.08670435 0.06732637
0.09040000 0.08718782 0.06770123
0.09080000 0.09122083 0.07082817
0.09120000 0.09193086 0.07137868
0.09160000 0.09136890 0.07094297
0.09200000 0.09181961 0.07129242
0.09240000 0.08917801 0.06924429
0.09280000 0.08956029 0.06954069
0.09320000 0.08988868 0.06979530
0.09360000 0.09021028 0.07004465
0.09400000 0.09061945 0.07036189
0.09440000 0.09112176 0.07075135
0.09480000 0.09168236 0.07118601
0.09520000 0.09196165 0.07140255
0.09560000 0.09223085 0.07161127
0.09600000 0.09240556 0.07174673
0.09640000 0.09627163 0.07474424
0.09680000 0.09680116 0.07515481
0.09720000 0.09717422 0.07544405
0.09760000 0.09750527 0.07570073
0.09800000 0.09476420 0.07357547
0.09840000 0.09510252 0.07383779
0.09880000 0.09540401 0.07407154
0.09920000 0.09567428 0.07428110
0.09960000 0.09623420 0.07471522
0.10000000 0.09662278 0.07501650
0.10040000 0.10030558 0.07787191
0.10080000 0.10063784 0.07812952
0.10120000 0.09780828 0.07593566
0.10160000 0.09811849 0.07617618
0.10200000 0.10193539 0.07913556
0.10240000 0.10222806 0.07936248
0.10280000 0.09926790 0.07706736
0.10320000 0.09974256 0.07743538
0.10360000 0.10013184 0.07773720
0.10400000 0.10084898 0.07829323
0.10440000 0.10094329 0.07836635
0.10480000 0.10134731 0.07867960
0.10520000 0.10198375 0.07917305
0.10560000 0.10213384 0.07928942
0.10600000 0.10276055 0.07977534
0.10640000 0.10649181 0.08266832
0.10680000 0.10691340 0.08299520
0.10720000 0.10762962 0.08355050
0.10760000 0.10423815 0.08092098
0.10800000 0.10475485 0.08132159
0.10840000 0.10498361 0.08149896
0.10880000 0.10556564 0.08195022
0.10920000 0.10587560 0.08219055
0.10960000 0.10944974 0.08496171
0.11000000 0.10993373 0.08533697
0.11040000 0.11026845 0.08559648
0.11080000 0.10758932 0.08351926
0.11120000 0.10780460 0.08368617
0.11160000 0.10804846 0.08387525
0.11200000 0.11188583 0.08685050
0.11240000 0.11219775 0.08709235
0.11280000 0.10938017 0.08490777
0.11320000 0.10964837 0.08511572
0.11360000 0.11010618 0.08547068
0.11400000 0.11067289 0.08591006
0.11440000 0.11099182 0.08615734
0.11480000 0.11113017 0.08626461
0.11520000 0.11158383 0.08661635
0.11560000 0.11203259 0.08696429
0.11600000 0.11322979 0.08789252
0.11640000 0.11279210 0.08755316
0.11680000 0.11701299 0.09082577
0.11720000 0.11707008 0.09087004
0.11760000 0.11753551 0.09123090
0.11800000 0.11447726 0.08885973
0.11840000 0.11499334 0.08925986
0.11880000 0.11544668 0.08961136
0.11920000 0.11573197 0.08983256
0.11960000 0.11594994 0.09000155
0.12000000 0.11640880 0.09035732
0.12040000 0.11690680 0.09074344
0.12080000 0.11720513 0.09097475
0.12120000 0.11760108 0.09128174
0.12160000 0.11844129 0.09193319
0.12200000 0.11856117 0.09202614
0.12240000 0.12271181 0.09524428
0.12280000 0.12268167 0.09522091
0.12320000 0.12310798 0.09555144
0.12360000 0.12012519 0.09323877
0.12400000 0.12051642 0.09354212
0.12440000 0.12097437 0.09389717
0.12480000 0.12132311 0.09416757
0.12520000 0.12503218 0.09704335
0.12560000 0.12590709 0.09772170
0.12600000 0.12606001 0.09784026
0.12640000 0.12650578 0.09818589
0.12680000 0.12668745 0.09832674
0.12720000 0.12351213 0.09586479
0.12760000 0.12406182 0.09629099
0.12800000 0.12457303 0.09668735
0.12840000 0.12490489 0.09694465
0.12880000 0.12511700 0.09710911
0.12920000 0.12536009 0.09729758
0.12960000 0.12603221 0.09781871
0.13000000 0.12642806 0.09812562
0.13040000 0.12686029 0.09846075
0.13080000 0.12736839 0.09885470
0.13120000 0.12770249 0.09911374
0.13160000 0.12798243 0.09933079
0.13200000 0.12854239 0.09976494
0.13240000 0.12876597 0.09993829
0.13280000 0.13277736 0.10304847
0.13320000 0.13300956 0.10322850
0.13360000 0.13351537 0.10362068
0.13400000 0.13376224 0.10381208
0.13440000 0.13113987 0.10177886
0.13480000 0.13156629 0.10210948
0.13520000 0.13178791 0.10228131
0.13560000 0.13197355 0.10242525
0.13600000 0.13588523 0.10545811
0.13640000 0.13641008 0.10586505
0.13680000 0.13686430 0.10621722
0.13720000 0.13371662 0.10377671
0.13760000 0.13414391 0.10410801
0.13800000 0.13459783 0.10445995
0.13840000 0.13830453 0.10733389
0.13880000 0.13864095 0.10759472
0.13920000 0.13918827 0.10801908
0.13960000 0.13628038 0.10576449
0.14000000 0.13646417 0.10590699
0.14040000 0.13689497 0.10624100
0.14080000 0.13720583 0.10648202
0.14120000 0.14624418 0.11348979
0.14160000 0.14742553 0.11440573
0.14200000 0.14826375 0.11505563
0.14240000 0.14863108 0.11534044
0.14280000 0.14896518 0.11559947
0.14320000 0.14588480 0.11321115
0.14360000 0.14639926 0.11361003
0.14400000 0.14036451 0.10893106
0.14440000 0.14073461 0.10921801
0.14480000 0.14113753 0.10953041
0.14520000 0.14157240 0.10986758
0.14560000 0.14202898 0.11022159
0.14600000 0.14266633 0.11071575
0.14640000 0.14293390 0.11092321
0.14680000 0.14661093 0.11377414
0.14720000 0.14693505 0.11402544
0.14760000 0.14700575 0.11408026
0.14800000 0.14438406 0.11204757
0.14840000 0.14469364 0.11228759
0.14880000 0.14528702 0.11274766
0.14920000 0.14571038 0.11307591
0.14960000 0.14579624 0.11314248
0.15000000 0.14630621 0.11353788
0.15040000 0.14683905 0.11395101
0.15080000 0.14706832 0.11412877
0.15120000 0.14752378 0.11448190
0.15160000 0.14811151 0.11493760
0.15200000 0.14822407 0.11502487
0.15240000 0.14880520 0.11547544
0.15280000 0.14909170 0.11569758
0.15320000 0.14961005 0.11609947
0.15360000 0.15013004 0.11650264
0.15400000 0.15417343 0.11963763
0.15440000 0.15404982 0.11954179
0.15480000 0.15498369 0.12026585
0.15520000 0.15501907 0.12029328
0.15560000 0.15540362 0.12059143
0.15600000 0.15194833 0.11791242
0.15640000 0.15256535 0.11839082
0.15680000 0.15319055 0.11887556
0.15720000 0.15347574 0.11909668
0.15760000 0.15366372 0.11924243
0.15800000 0.15409382 0.11957590
0.15840000 0.15470349 0.12004860
0.15880000 0.15510218 0.12035772
0.15920000 0.15536043 0.12055795
0.15960000 0.15597177 0.12103195
0.16000000 0.15652879 0.12146382
0.16040000 0.15641087 0.12137240
0.16080000 0.15703250 0.12185436
0.16120000 0.16104389 0.12496455
0.16160000 0.16132468 0.12518225
0.16200000 0.16202074 0.12572193
0.16240000 0.15854098 0.12302394
0.16280000 0.15916837 0.12351039
0.16320000 0.15937083 0.12366736
0.16360000 0.15938749 0.12368028
0.16400000 0.16016644 0.12428423
0.16440000 0.16071196 0.12470719
0.16480000 0.16162650 0.12541626
0.16520000 0.16113418 0.12503455
0.16560000 0.15303954 0.11875848
0.16600000 0.15697263 0.12180795
0.16640000 0.15754858 0.12225450
0.16680000 0.15766384 0.12234386
0.16720000 0.15486985 0.12017758
0.16760000 0.15512170 0.12037286
0.16800000 0.15548306 0.12065302
0.16840000 0.15583879 0.12092884
0.16880000 0.15613389 0.12115764
0.16920000 0.15682474 0.12169328
0.16960000 0.15727780 0.12204456
0.17000000 0.15764458 0.12232893
0.17040000 0.15808616 0.12267131
0.17080000 0.16173741 0.12550226
0.17120000 0.16215898 0.12582912
0.17160000 0.15903557 0.12340742
0.17200000 0.15950387 0.12377051
0.17240000 0.15987349 0.12405709
0.17280000 0.16018507 0.12429867
0.17320000 0.16067438 0.12467805
0.17360000 0.16112022 0.12502372
0.17400000 0.16146337 0.12528978
0.17440000 0.16211629 0.12579601
0.17480000 0.16239092 0.12600894
0.17520000 0.16271377 0.12625926
0.17560000 0.16312602 0.12657890
0.17600000 0.16335249 0.12675449
0.17640000 0.16396548 0.12722976
0.17680000 0.16418209 0.12739770
0.17720000 0.16444032 0.12759792
0.17760000 0.16495884 0.12799995
0.17800000 0.16524347 0.12822063
0.17840000 0.16594982 0.12876829
0.17880000 0.16649489 0.12919090
0.17920000 0.17548298 0.13615970
0.17960000 0.17579532 0.13640187
0.18000000 0.17602566 0.13658046
0.18040000 0.17651870 0.13696273
0.18080000 0.18068809 0.14019541
0.18120000 0.18102794 0.14045891
0.18160000 0.18141538 0.14075931
0.18200000 0.17839353 0.13841636
0.18240000 0.17846267 0.13846996
0.18280000 0.17899015 0.13887893
0.18320000 0.18317064 0.14212023
0.18360000 0.18339619 0.14229510
0.18400000 0.18018335 0.13980407
0.18440000 0.18035098 0.13993404
0.18480000 0.18095066 0.14039899
0.18520000 0.18114324 0.14054831
0.18560000 0.18176026 0.14102670
0.18600000 0.18236076 0.14149229
0.18640000 0.18238532 0.14151134
0.18680000 0.18309624 0.14206254
0.18720000 0.18337367 0.14227764
0.18760000 0.18362538 0.14247280
0.18800000 0.18387800 0.14266867
0.18840000 0.18449638 0.14314812
0.18880000 0.18852204 0.14626936
0.18920000 0.18891137 0.14657122
0.18960000 0.18934491 0.14690736
0.19000000 0.18971202 0.14719199
0.19040000 0.18640493 0.14462789
0.19080000 0.18692553 0.14503153
0.19120000 0.18711407 0.14517771
0.19160000 0.18782158 0.14572627
0.19200000 0.18799918 0.14586396
0.19240000 0.18828606 0.14608639
0.19280000 0.18893489 0.14658946
0.19320000 0.18916115 0.14676489
0.19360000 0.18930579 0.14687703
0.19400000 0.18972219 0.14719988
0.19440000 0.19031220 0.14765733
0.19480000 0.19099204 0.14818445
0.19520000 0.19153215 0.14860321
0.19560000 0.19166215 0.14870400
0.19600000 0.19219217 0.14911495
0.19640000 0.19622265 0.15223992
0.19680000 0.19657093 0.15250996
0.19720000 0.19685544 0.15273055
0.19760000 0.19370120 0.15028495
0.19800000 0.19402041 0.15053245
0.19840000 0.19437521 0.15080754
0.19880000 0.19430466 0.15075284
0.19920000 0.19515817 0.15141459
0.19960000 0.19581331 0.15192255
0.20000000 0.19621361 0.15223292
0.20040000 0.19657040 0.15250954
0.20080000 0.19678822 0.15267844
0.20120000 0.19727961 0.15305942
0.20160000 0.19787962 0.15352463
0.20200000 0.19804994 0.15365669
0.20240000 0.19825386 0.15381480
0.20280000 0.19860539 0.15408735
0.20320000 0.19940115 0.15470433
0.20360000 0.19963582 0.15488628
0.20400000 0.19996993 0.15514533
0.20440000 0.20030060 0.15540171
0.20480000 0.20078389 0.15577642
0.20520000 0.20093286 0.15589192
0.20560000 0.20091747 0.15587999
0.20600000 0.20155774 0.15637642
0.20640000 0.20214292 0.15683013
0.20680000 0.20282159 0.15735633
0.20720000 0.20310529 0.15757629
0.20760000 0.20735179 0.16086875
0.20800000 0.20786838 0.16126929
0.20840000 0.20803323 0.16139710
0.20880000 0.20822133 0.16154294
0.20920000 0.20499042 0.15903790
0.20960000 0.20561777 0.15952431
0.21000000 0.20591386 0.15975387
0.21040000 0.20627601 0.16003466
0.21080000 0.20676976 0.16041748
0.21120000 0.20720431 0.16075441
0.21160000 0.20731947 0.16084370
0.21200000 0.20768242 0.16112510
0.21240000 0.20798916 0.16136293
0.21280000 0.20835793 0.16164885
0.21320000 0.20876923 0.16196774
0.21360000 0.20933622 0.16240735
0.21400000 0.20997026 0.16289895
0.21440000 0.21065598 0.16343062
0.21480000 0.21072854 0.16348687
0.21520000 0.21094998 0.16365856
0.21560000 0.21163681 0.16419109
0.21600000 0.21162163 0.16417932
0.21640000 0.21592214 0.16751366
0.21680000 0.21616854 0.16770470
0.21720000 0.21298642 0.16523749
0.21760000 0.21361758 0.16572685
0.21800000 0.21385452 0.16591056
0.21840000 0.21404340 0.16605701
0.21880000 0.21470589 0.16657066
0.21920000 0.21505213 0.16683911
0.21960000 0.21918071 0.17004015
0.22000000 0.21916686 0.17002941
0.22040000 0.21612526 0.16767115
0.22080000 0.21631925 0.16782156
0.22120000 0.21700327 0.16835190
0.22160000 0.21751930 0.16875200
0.22200000 0.21795977 0.16909351
0.22240000 0.21812824 0.16922413
0.22280000 0.21851260 0.16952214
0.22320000 0.22286127 0.17289383
0.22360000 0.22352256 0.17340654
0.22400000 0.22346722 0.17336364
0.22440000 0.22392823 0.17372108
0.22480000 0.22061271 0.17115043
0.22520000 0.22101385 0.17146145
0.22560000 0.22145588 0.17180417
0.22600000 0.22147177 0.17181649
0.22640000 0.22618770 0.17547292
0.22680000 0.22651724 0.17572843
0.22720000 0.22293864 0.17295381
0.22760000 0.22330901 0.17324097
0.22800000 0.22354006 0.17342011
0.22840000 0.22390896 0.17370613
0.22880000 0.22842002 0.17720372
0.22920000 0.22881684 0.17751139
0.22960000 0.22895676 0.17761988
0.23000000 0.22909258 0.17772519
0.23040000 0.22594196 0.17528240
0.23080000 0.22639082 0.17563041
0.23120000 0.22697639 0.17608442
0.23160000 0.22734439 0.17636975
0.23200000 0.22739905 0.17641213
0.23240000 0.22824003 0.17706417
0.23280000 0.22850760 0.17727163
0.23320000 0.22875080 0.17746019
0.23360000 0.22937431 0.17794362
0.23400000 0.22987058 0.17832840
0.23440000 0.23004355 0.17846250
0.23480000 0.23021769 0.17859752
0.23520000 0.23068087 0.17895664
0.23560000 0.23116459 0.17933169
0.23600000 0.23156823 0.17964465
0.23640000 0.23197239 0.17995801
0.23680000 0.23241531 0.18030142
0.23720000 0.23668126 0.18360896
0.23760000 0.23700918 0.18386321
0.23800000 0.23716074 0.18398072
0.23840000 0.23754395 0.18427784
0.23880000 0.23810155 0.18471017
0.23920000 0.23886583 0.18530274
0.23960000 0.23528839 0.18252903
0.24000000 0.23562806 0.18279238
0.24040000 0.23595850 0.18304858
0.24080000 0.23632701 0.18333431
0.24120000 0.23684228 0.18373381
0.24160000 0.23702834 0.18387807
0.24200000 0.23745744 0.18421077
0.24240000 0.23794703 0.18459036
0.24280000 0.23825269 0.18482735
0.24320000 0.23851219 0.18502855
0.24360000 0.23920850 0.18556843
0.24400000 0.23941750 0.18573047
0.24440000 0.23961001 0.18587973
0.24480000 0.24035934 0.18646072
0.24520000 0.24061168 0.18665637
0.24560000 0.24094150 0.18691209
0.24600000 0.24153829 0.18737480
0.24640000 0.24183658 0.18760607
0.24680000 0.24217663 0.18786973
0.24720000 0.24261052 0.18820614
0.24760000 0.24314857 0.18862331
0.24800000 0.24764698 0.19211109
0.24840000 0.24796577 0.19235826
0.24880000 0.24438358 0.18958086
0.24920000 0.24463870 0.18977866
0.24960000 0.24508888 0.19012770
0.25000000 0.24545700 0.19041312
0.25040000 0.24582828 0.19070099
0.25080000 0.24632442 0.19108567
0.25120000 0.24678372 0.19144177
0.25160000 0.24721488 0.19177607
0.25200000 0.24756199 0.19204519
0.25240000 0.24788214 0.19229342
0.25280000 0.24833147 0.19264180
0.25320000 0.24867599 0.19290892
0.25360000 0.24928129 0.19337823
0.25400000 0.24963399 0.19365169
0.25440000 0.24998537 0.19392413
0.25480000 0.25021114 0.19409918
0.25520000 0.25052586 0.19434319
0.25560000 0.25094053 0.19466470
0.25600000 0.25152298 0.19511630
0.25640000 0.25174907 0.19529159
0.25680000 0.25228448 0.19570671
0.25720000 0.25276340 0.19607804
0.25760000 0.25285187 0.19614663
0.25800000 0.25298442 0.19624940
0.25840000 0.25382925 0.19690443
0.25880000 0.25432501 0.19728881
0.25920000 0.25424765 0.19722883
0.25960000 0.25465014 0.19754090
0.26000000 0.25572157 0.19837162
0.26040000 0.25554404 0.19823397
0.26080000 0.25640063 0.19889811
0.26120000 0.25668259 0.19911673
0.26160000 0.25700105 0.19936365
0.26200000 0.25738082 0.19965809
0.26240000 0.26179298 0.20307901
0.26280000 0.26223431 0.20342118
0.26320000 0.25814357 0.20024948
0.26360000 0.25907998 0.20097552
0.26400000 0.25929982 0.20114596
0.26440000 0.26376753 0.20460995
0.26480000 0.26402033 0.20480595
0.26520000 0.26447284 0.20515680
0.26560000 0.26105222 0.20250467
0.26600000 0.26119243 0.20261337
0.26640000 0.26151791 0.20286573
0.26680000 0.26208993 0.20330924
0.26720000 0.26304181 0.20404727
0.26760000 0.26327829 0.20423062
0.26800000 0.26362490 0.20449936
0.26840000 0.26372912 0.20458016
0.26880000 0.26407312 0.20484688
0.26920000 0.26455198 0.20521816
0.26960000 0.26484900 0.20544845
0.27000000 0.26510709 0.20564856
0.27040000 0.26545142 0.20591553
0.27080000 0.26615377 0.20646008
0.27120000 0.26653970 0.20675931
0.27160000 0.26680916 0.20696823
0.27200000 0.26713482 0.20722073
0.27240000 0.26750395 0.20750693
0.27280000 0.26777559 0.20771754
0.27320000 0.26862760 0.20837814
0.27360000 0.26888582 0.20857834
0.27400000 0.26936231 0.20894778
0.27440000 0.27391604 0.21247845
0.27480000 0.27406536 0.21259423
0.27520000 0.27055345 0.20987132
0.27560000 0.27069036 0.20997746
0.27600000 0.27107154 0.21027301
0.27640000 0.27169506 0.21075645
0.27680000 0.27190064 0.21091584
0.27720000 0.27263153 0.21148252
0.27760000 0.27314771 0.21188274
0.27800000 0.27379989 0.21238840
0.27840000 0.27375955 0.21235713
0.27880000 0.27411488 0.21263262
0.27920000 0.27439162 0.21284719
0.27960000 0.27912687 0.21651860
0.28000000 0.27911614 0.21651028
0.28040000 0.27578319 0.21392612
0.28080000 0.27630877 0.21433363
0.28120000 0.27674454 0.21467150
0.28160000 0.27675430 0.21467906
0.28200000 0.27699106 0.21486263
0.28240000 0.27733041 0.21512574
0.28280000 0.27817835 0.21578318
0.28320000 0.27832769 0.21589897
0.28360000 0.27844083 0.21598669
0.28400000 0.27909484 0.21649377
0.28440000 0.27933008 0.21667616
0.28480000 0.27975387 0.21700474
0.28520000 0.28001597 0.21720795
0.28560000 0.28057165 0.21763879
0.28600000 0.28102230 0.21798820
0.28640000 0.28110323 0.21805095
0.28680000 0.28173345 0.21853958
0.28720000 0.28251331 0.21914424
0.28760000 0.28292170 0.21946087
0.28800000 0.28341382 0.21984243
0.28840000 0.28341921 0.21984661
0.28880000 0.28377853 0.22012520
0.28920000 0.28427421 0.22050953
0.28960000 0.28469521 0.22083594
0.29000000 0.28510358 0.22115257
0.29040000 0.28894054 0.22412750
0.29080000 0.28953616 0.22458931
0.29120000 0.28634999 0.22211895
0.29160000 0.28622517 0.22202217
0.29200000 0.28667784 0.22237314
0.29240000 0.28735345 0.22289697
0.29280000 0.28806577 0.22344926
0.29320000 0.28859367 0.22385856
0.29360000 0.28844275 0.22374155
0.29400000 0.28892925 0.22411874
0.29440000 0.28950615 0.22456604
0.29480000 0.28992801 0.22489312
0.29520000 0.29040001 0.22525908
0.29560000 0.29094419 0.22568100
0.29600000 0.29149055 0.22610462
0.29640000 0.29135587 0.22600020
0.29680000 0.29504037 0.22885692
0.29720000 0.29564396 0.22932491
0.29760000 0.29608613 0.22966774
0.29800000 0.29260206 0.22696641
0.29840000 0.29382308 0.22791311
0.29880000 0.29414209 0.22816045
0.29920000 0.29430280 0.22828506
0.29960000 0.29518964 0.22897266
0.30000000 0.29521462 0.22899202
0.30040000 0.29562634 0.22931124
0.30080000 0.29564457 0.22932538
0.30120000 0.29632838 0.22985557
0.30160000 0.29683279 0.23024665
0.30200000 0.29668122 0.23012913
0.30240000 0.29731970 0.23062417
0.30280000 0.29748066 0.23074897
0.30320000 0.29808242 0.23121554
0.30360000 0.29864320 0.23165033
0.30400000 0.29887349 0.23182888
0.30440000 0.29935042 0.23219866
0.30480000 0.29980883 0.23255408
0.30520000 0.30010937 0.23278710
0.30560000 0.30031949 0.23295002
0.30600000 0.30059829 0.23316618
0.30640000 0.30101862 0.23349208
0.30680000 0.30181570 0.23411009
0.30720000 0.30212978 0.23435360
0.30760000 0.30241567 0.23457526
0.30800000 0.30322229 0.23520066
0.30840000 0.30364761 0.23553043
0.30880000 0.30357538 0.23547443
0.30920000 0.30386197 0.23569663
0.30960000 0.30522762 0.23675547
0.31000000 0.30490403 0.23650458
0.31040000 0.30537086 0.23686653
0.31080000 0.30578236 0.23718558
0.31120000 0.30630603 0.23759160
0.31160000 0.30699064 0.23812241
0.31200000 0.30705661 0.23817355
0.31240000 0.30740775 0.23844581
0.31280000 0.30773536 0.23869982
0.31320000 0.30811543 0.23899450
0.31360000 0.30885085 0.23956469
0.31400000 0.30902364 0.23969866
0.31440000 0.30927303 0.23989202
0.31480000 0.30971843 0.24023736
0.31520000 0.31019729 0.24060864
0.31560000 0.31044238 0.24079866
0.31600000 0.31085936 0.24112196
0.31640000 0.31105984 0.24127740
0.31680000 0.31153426 0.24164524
0.31720000 0.31224506 0.24219635
0.31760000 0.31307014 0.24283606
0.31800000 0.31303234 0.24280676
0.31840000 0.31323742 0.24296576
0.31880000 0.31367252 0.24330311
0.31920000 0.31385887 0.24344760
0.31960000 0.31394911 0.24351756
0.32000000 0.31468155 0.24408545
0.32040000 0.31465847 0.24406755
0.32080000 0.31496621 0.24430616
0.32120000 0.31612180 0.24520212
0.32160000 0.32008932 0.24827829
0.32200000 0.32072353 0.24877001
0.32240000 0.31725422 0.24608014
0.32280000 0.31771587 0.24643807
0.32320000 0.31804209 0.24669100
0.32360000 0.31864978 0.24716216
0.32400000 0.31908606 0.24750043
0.32440000 0.31932716 0.24768736
0.32480000 0.31932191 0.24768329
0.32520000 0.32002173 0.24822588
0.32560000 0.32042286 0.24853690
0.32600000 0.32097350 0.24896383
0.32640000 0.32102766 0.24900582
0.32680000 0.32169093 0.24952007
0.32720000 0.32175541 0.24957007
0.32760000 0.32213414 0.24986371
0.32800000 0.32286266 0.25042856
0.32840000 0.32324193 0.25072262
0.32880000 0.32340506 0.25084911
0.32920000 0.32411070 0.25139621
0.32960000 0.32833962 0.25467505
0.33000000 0.32449976 0.25169786
0.33040000 0.32459300 0.25177016
0.33080000 0.32582379 0.25272443
0.33120000 0.32617085 0.25299353
0.33160000 0.32990571 0.25588929
0.33200000 0.33072104 0.25652145
0.33240000 0.33067073 0.25648244
0.33280000 0.32725312 0.25383265
0.33320000 0.32802635 0.25443216
0.33360000 0.32826532 0.25461745
0.33400000 0.32848738 0.25478961
0.33440000 0.32917515 0.25532286
0.33480000 0.32967279 0.25570870
0.33520000 0.32984163 0.25583962
0.33560000 0.32595959 0.25282972
0.33600000 0.33024309 0.25615088
0.33640000 0.33034944 0.25623334
0.33680000 0.33133113 0.25699448
0.33720000 0.33165886 0.25724858
0.33760000 0.33226899 0.25772164
0.33800000 0.33293426 0.25823744
0.33840000 0.33285170 0.25817343
0.33880000 0.32586321 0.25275500
0.33920000 0.32217115 0.24989241
0.33960000 0.32676339 0.25345294
0.34000000 0.32692864 0.25358107
0.34040000 0.32745288 0.25398753
0.34080000 0.32782056 0.25427260
0.34120000 0.32815616 0.25453280
0.34160000 0.32860217 0.25487861
0.34200000 0.32890607 0.25511424
0.34240000 0.32944476 0.25553191
0.34280000 0.32967490 0.25571034
0.34320000 0.33004091 0.25599412
0.34360000 0.33044779 0.25630959
0.34400000 0.33083237 0.25660777
0.34440000 0.33140063 0.25704836
0.34480000 0.33181278 0.25736792
0.34520000 0.33216692 0.25764249
0.34560000 0.33251955 0.25791590
0.34600000 0.33293126 0.25823512
0.34640000 0.33345300 0.25863964
0.34680000 0.33409756 0.25913939
0.34720000 0.33432129 0.25931286
0.34760000 0.33476181 0.25965441
0.34800000 0.33472121 0.25962293
0.34840000 0.33509957 0.25991628
0.34880000 0.33585985 0.26050576
0.34920000 0.33631660 0.26085989
0.34960000 0.33651599 0.26101449
0.35000000 0.33712951 0.26149017
0.35040000 0.33734894 0.26166031
0.35080000 0.33751009 0.26178525
0.35120000 0.33776680 0.26198429
0.35160000 0.33827444 0.26237788
0.35200000 0.33854343 0.26258644
0.35240000 0.33923089 0.26311945
0.35280000 0.33987127 0.26361596
0.35320000 0.33973482 0.26351017
0.35360000 0.34059569 0.26417763
0.35400000 0.34104288 0.26452435
0.35440000 0.34098841 0.26448212
0.35480000 0.34196243 0.26523731
0.35520000 0.34236605 0.26555026
0.35560000 0.34244339 0.26561022
0.35600000 0.34303897 0.26607200
0.35640000 0.34328950 0.26626624
0.35680000 0.34366894 0.26656043
0.35720000 0.34417315 0.26695137
0.35760000 0.34449447 0.26720050
0.35800000 0.34481598 0.26744978
0.35840000 0.34533112 0.26784918
0.35880000 0.34538374 0.26788998
0.35920000 0.34591070 0.26829855
0.35960000 0.34665506 0.26887568
0.36000000 0.34682266 0.26900562
0.36040000 0.34717120 0.26927586
0.36080000 0.34759723 0.26960618
0.36120000 0.34806586 0.26996953
0.36160000 0.34868245 0.27044759
0.36200000 0.34829241 0.27014518
0.36240000 0.34645650 0.26872173
0.36280000 0.34998463 0.27145722
0.36320000 0.34989032 0.27138410
0.36360000 0.35042206 0.27179638
0.36400000 0.35108270 0.27230859
0.36440000 0.35161982 0.27272504
0.36480000 0.34792805 0.26986268
0.36520000 0.35207365 0.27307691
0.36560000 0.35272720 0.27358363
0.36600000 0.35274818 0.27359990
0.36640000 0.35316230 0.27392099
0.36680000 0.35379641 0.27441263
0.36720000 0.35433493 0.27483016
0.36760000 0.35461426 0.27504674
0.36800000 0.35497885 0.27532942
0.36840000 0.35343173 0.27412988
0.36880000 0.35375149 0.27437780
0.36920000 0.35421935 0.27474055
0.36960000 0.35631072 0.27636207
0.37000000 0.35687693 0.27680107
0.37040000 0.35695623 0.27686255
0.37080000 0.35775742 0.27748374
0.37120000 0.35653142 0.27653319
0.37160000 0.35840682 0.27798725
0.37200000 0.35861698 0.27815020
0.37240000 0.35921870 0.27861673
0.37280000 0.35949496 0.27883093
0.37320000 0.36050808 0.27961643
0.37360000 0.36090632 0.27992521
0.37400000 0.36064242 0.27972059
0.37440000 0.35889191 0.27836336
0.37480000 0.35954888 0.27887273
0.37520000 0.36046347 0.27958184
0.37560000 0.36264207 0.28127100
0.37600000 0.36296585 0.28152203
0.37640000 0.36321999 0.28171908
0.37680000 0.36357078 0.28199106
0.37720000 0.36438876 0.28262527
0.37760000 0.36484749 0.28298094
0.37800000 0.36466294 0.28283785
0.37840000 0.36476394 0.28291616
0.37880000 0.36568328 0.28362896
0.37920000 0.36625510 0.28407231
0.37960000 0.36659769 0.28433793
0.38000000 0.36691151 0.28458125
0.38040000 0.36738149 0.28494564
0.38080000 0.36773845 0.28522240
0.38120000 0.36787214 0.28532606
0.38160000 0.36458502 0.28277744
0.38200000 0.36496674 0.28307339
0.38240000 0.36543116 0.28343348
0.38280000 0.36556717 0.28353893
0.38320000 0.36624923 0.28406776
0.38360000 0.37033340 0.28723437
0.38400000 0.37068404 0.28750623
0.38440000 0.37156390 0.28818842
0.38480000 0.37163842 0.28824619
0.38520000 0.37190014 0.28844912
0.38560000 0.37253087 0.28893815
0.38600000 0.37288951 0.28921621
0.38640000 0.37302206 0.28931898
0.38680000 0.37327385 0.28951420
0.38720000 0.37390851 0.29000628
0.38760000 0.37428632 0.29029921
0.38800000 0.37472340 0.29063810
0.38840000 0.37516092 0.29097732
0.38880000 0.37573321 0.29142104
0.38920000 0.37603655 0.29165622
0.38960000 0.37213762 0.28863325
0.39000000 0.37672705 0.29219160
0.39040000 0.37699918 0.29240259
0.39080000 0.37764174 0.29290079
0.39120000 0.37797196 0.29315682
0.39160000 0.37807954 0.29324023
0.39200000 0.37877949 0.29378293
0.39240000 0.37916784 0.29408403
0.39280000 0.37953082 0.29436546
0.39320000 0.37974097 0.29452840
0.39360000 0.38034608 0.29499756
0.39400000 0.38050022 0.29511708
0.39440000 0.38126249 0.29570809
0.39480000 0.38000829 0.29473566
0.39520000 0.38204942 0.29631822
0.39560000 0.38259504 0.29674126
0.39600000 0.38273094 0.29684663
0.39640000 0.38361239 0.29753005
0.39680000 0.37915926 0.29407738
0.39720000 0.37928942 0.29417830
0.39760000 0.38018105 0.29486961
0.39800000 0.38161428 0.29598085
0.39840000 0.38347383 0.29742262
0.39880000 0.38353241 0.29746804
0.39920000 0.38389198 0.29774683
0.39960000 0.38402178 0.29784747
0.40000000 0.38070823 0.29527835
0.40040000 0.38254541 0.29670278
0.40080000 0.38315231 0.29717334
0.40120000 0.38801915 0.30094678
0.40160000 0.38839928 0.30124150
0.40200000 0.38688273 0.30006567
0.40240000 0.38745536 0.30050965
0.40280000 0.38971234 0.30225957
0.40320000 0.38601688 0.29939435
0.40360000 0.38590154 0.29930492
0.40400000 0.38633186 0.29963856
0.40440000 0.38669812 0.29992254
0.40480000 0.39166471 0.30377331
0.40520000 0.39226266 0.30423692
0.40560000 0.39244357 0.30437719
0.40600000 0.39274115 0.30460791
0.40640000 0.38807465 0.30098980
0.40680000 0.38864677 0.30143339
0.40720000 0.38938348 0.30200459
0.40760000 0.39032265 0.30273276
0.40800000 0.39481029 0.30621219
0.40840000 0.39522468 0.30653348
0.40880000 0.39587683 0.30703913
0.40920000 0.39161475 0.30373457
0.40960000 0.39268373 0.30456339
0.41000000 0.39265069 0.30453778
0.41040000 0.39253449 0.30444768
0.41080000 0.39728301 0.30812938
0.41120000 0.39771370 0.30846331
0.41160000 0.39771488 0.30846423
0.41200000 0.39804255 0.30871828
0.41240000 0.39486737 0.30625645
0.41280000 0.39354594 0.30523190
0.41320000 0.39372642 0.30537183
0.41360000 0.39378505 0.30541729
0.41400000 0.39912247 0.30955558
0.41440000 0.39870250 0.30922997
0.41480000 0.39898225 0.30944687
0.41520000 0.40027639 0.31045026
0.41560000 0.39772087 0.30846887
0.41600000 0.39813041 0.30878641
0.41640000 0.39813892 0.30879301
0.41680000 0.39860182 0.30915191
0.41720000 0.39905610 0.30950413
0.41760000 0.40051559 0.31063572
0.41800000 0.40473150 0.31390447
0.41840000 0.40526119 0.31431516
0.41880000 0.40555943 0.31454640
0.41920000 0.40092548 0.31095353
0.41960000 0.40144026 0.31135265
0.42000000 0.40229965 0.31201897
0.42040000 0.40291738 0.31249792
0.42080000 0.40765607 0.31617200
0.42120000 0.40624087 0.31507474
0.42160000 0.40615444 0.31500773
0.42200000 0.40677178 0.31548638
0.42240000 0.40914967 0.31733004
0.42280000 0.40498846 0.31410370
0.42320000 0.40494797 0.31407231
0.42360000 0.40582652 0.31475348
0.42400000 0.40828176 0.31665712
0.42440000 0.40848870 0.31681757
0.42480000 0.40922337 0.31738719
0.42520000 0.41041616 0.31831199
0.42560000 0.41260202 0.32000677
0.42600000 0.40844027 0.31678002
0.42640000 0.40823292 0.31661925
0.42680000 0.40798560 0.31642750
0.42720000 0.40814757 0.31655308
0.42760000 0.40884113 0.31709082
0.42800000 0.41003967 0.31802009
0.42840000 0.41514675 0.32197980
0.42880000 0.41568390 0.32239627
0.42920000 0.41600160 0.32264259
0.42960000 0.41113999 0.31887321
0.43000000 0.41108494 0.31883053
0.43040000 0.41154142 0.31918445
0.43080000 0.41218561 0.31968391
0.43120000 0.41136005 0.31904383
0.43160000 0.41184535 0.31942010
0.43200000 0.41663819 0.32313617
0.43240000 0.41747115 0.32378199
0.43280000 0.41925948 0.32516855
0.43320000 0.41930787 0.32520607
0.43360000 0.42056549 0.32618114
0.43400000 0.41561559 0.32234331
0.43440000 0.41573256 0.32243400
0.43480000 0.41613674 0.32274738
0.43520000 0.41747406 0.32378425
0.43560000 0.41754854 0.32384199
0.43600000 0.41778424 0.32402474
0.43640000 0.41816828 0.32432250
0.43680000 0.41729567 0.32364593
0.43720000 0.41709329 0.32348902
0.43760000 0.41739177 0.32372045
0.43800000 0.41770558 0.32396375
0.43840000 0.42326266 0.32827236
0.43880000 0.42513238 0.32972202
0.43920000 0.42575212 0.33020253
0.43960000 0.42619257 0.33054403
0.44000000 0.42660581 0.33086443
0.44040000 0.42754252 0.33159070
0.44080000 0.42756356 0.33160700
0.44120000 0.42771133 0.33172158
0.44160000 0.42754399 0.33159183
0.44200000 0.42801101 0.33195393
0.44240000 0.42873083 0.33251203
0.44280000 0.42404368 0.32887791
0.44320000 0.42479148 0.32945771
0.44360000 0.42136236 0.32679899
0.44400000 0.42183832 0.32716802
0.44440000 0.42695686 0.33113661
0.44480000 0.42556054 0.33005399
0.44520000 0.42691877 0.33110708
0.44560000 0.43246026 0.33540359
0.44600000 0.43224713 0.33523835
0.44640000 0.42815477 0.33206539
0.44680000 0.42675675 0.33098145
0.44720000 0.42701779 0.33118385
0.44760000 0.42757960 0.33161944
0.44800000 0.42862614 0.33243086
0.44840000 0.43503868 0.33740274
0.44880000 0.43570799 0.33792168
0.44920000 0.43611645 0.33823838
0.44960000 0.43097631 0.33425304
0.45000000 0.43136908 0.33455756
0.45040000 0.43172643 0.33483463
0.45080000 0.43194386 0.33500321
0.45120000 0.43279493 0.33566307
0.45160000 0.43312262 0.33591715
0.45200000 0.43852745 0.34010771
0.45240000 0.43898991 0.34046627
0.45280000 0.43944006 0.34081529
0.45320000 0.44000784 0.34125551
0.45360000 0.44027710 0.34146428
0.45400000 0.43509092 0.33744324
0.45440000 0.43576883 0.33796885
0.45480000 0.43598536 0.33813674
0.45520000 0.43670606 0.33869552
0.45560000 0.44248689 0.34317761
0.45600000 0.44273850 0.34337269
0.45640000 0.44300333 0.34357803
0.45680000 0.43594231 0.33810336
0.45720000 0.43596669 0.33812226
0.45760000 0.43667358 0.33867034
0.45800000 0.43899045 0.34046669
0.45840000 0.44500180 0.34512751
0.45880000 0.44571291 0.34567886
0.45920000 0.44610310 0.34598139
0.45960000 0.44136350 0.34230660
0.46000000 0.44119439 0.34217548
0.46040000 0.44171462 0.34257884
0.46080000 0.44177940 0.34262906
0.46120000 0.44271702 0.34335604
0.46160000 0.44309001 0.34364523
0.46200000 0.44892316 0.34816788
0.46240000 0.44916554 0.34835581
0.46280000 0.44923808 0.34841205
0.46320000 0.44024453 0.34143902
0.46360000 0.44048663 0.34162673
0.46400000 0.44089167 0.34194078
0.46440000 0.44581287 0.34575636
0.46480000 0.44613294 0.34600453
0.46520000 0.44573653 0.34569717
0.46560000 0.44459032 0.34480848
0.46600000 0.44933908 0.34849037
0.46640000 0.45015879 0.34912592
0.46680000 0.45085135 0.34966288
0.46720000 0.45194986 0.35051460
0.46760000 0.44892705 0.34817090
0.46800000 0.44911955 0.34832015
0.46840000 0.45036283 0.34928411
0.46880000 0.44518884 0.34527253
0.46920000 0.44561205 0.34560066
0.46960000 0.45152831 0.35018775
0.47000000 0.45213267 0.35065633
0.47040000 0.45700156 0.35443137
0.47080000 0.45170914 0.35032796
0.47120000 0.45223266 0.35073386
0.47160000 0.44901387 0.34823822
0.47200000 0.44666944 0.34642049
0.47240000 0.44877838 0.34805563
0.47280000 0.45385820 0.35199420
0.47320000 0.45415832 0.35222690
0.47360000 0.46008891 0.35682510
0.47400000 0.46066665 0.35727304
0.47440000 0.45852113 0.35560954
0.47480000 0.45864598 0.35570635
0.47520000 0.45372313 0.35188948
0.47560000 0.45611400 0.35374321
0.47600000 0.45564921 0.35338284
0.47640000 0.45645431 0.35400706
0.47680000 0.45760511 0.35489932
0.47720000 0.46235111 0.35857907
0.47760000 0.46218054 0.35844681
0.47800000 0.45771920 0.35498777
0.47840000 0.45705555 0.35447322
0.47880000 0.45793686 0.35515654
0.47920000 0.45942130 0.35630748
0.47960000 0.45925400 0.35617776
0.48000000 0.46570672 0.36118080
0.48040000 0.46677767 0.36201114
0.48080000 0.45969034 0.35651607
0.48120000 0.46026555 0.35696205
0.48160000 0.46061559 0.35723345
0.48200000 0.45707779 0.35449046
0.48240000 0.45892494 0.35592263
0.48280000 0.45923586 0.35616370
0.48320000 0.46446775 0.36022018
0.48360000 0.46907929 0.36379567
0.48400000 0.46983877 0.36438452
0.48440000 0.47042401 0.36483828
0.48480000 0.47117332 0.36541925
0.48520000 0.46537318 0.36092219
0.48560000 0.46670307 0.36195330
0.48600000 0.46682958 0.36205138
0.48640000 0.46670519 0.36195495
0.48680000 0.46671750 0.36196448
0.48720000 0.46706829 0.36223647
0.48760000 0.46834432 0.36322582
0.48800000 0.46403776 0.35988679
0.48840000 0.46874782 0.36353867
0.48880000 0.46826063 0.36316094
0.48920000 0.46864429 0.36345840
0.48960000 0.46787579 0.36286255
0.49000000 0.46833892 0.36322163
0.49040000 0.47022226 0.36468186
0.49080000 0.46677922 0.36201234
0.49120000 0.46740389 0.36249667
0.49160000 0.46789295 0.36287586
0.49200000 0.47284936 0.36671874
0.49240000 0.47880007 0.37133255
0.49280000 0.47654292 0.36958249
0.49320000 0.47694855 0.36989700
0.49360000 0.46709997 0.36226103
0.49400000 0.46791337 0.36289169
0.49440000 0.46852834 0.36336850
0.49480000 0.47369669 0.36737571
0.49520000 0.47401054 0.36761905
0.49560000 0.47376984 0.36743242
0.49600000 0.47402543 0.36763059
0.49640000 0.47003428 0.36453611
0.49680000 0.47198361 0.36604749
0.49720000 0.47338429 0.36713349
0.49760000 0.47366334 0.36734985
0.49800000 0.47861769 0.37119114
0.49840000 0.47793100 0.37065872
0.49880000 0.47690147 0.36986050
0.49920000 0.48305263 0.37462971
0.49960000 0.48424603 0.37555500
0.50000000 0.48455353 0.37579342
0.50040000 0.48703036 0.37771379
0.50080000 0.48631553 0.37715956
0.50120000 0.48097621 0.37301979
0.50160000 0.48127631 0.37325246
0.50200000 0.48212826 0.37391301
0.50240000 0.48628609 0.37713673
0.50280000 0.48641339 0.37723543
0.50320000 0.48657660 0.37736197
0.50360000 0.48707141 0.37774562
0.50400000 0.48968908 0.37977520
0.50440000 0.48407914 0.37542561
0.50480000 0.47996859 0.37223854
0.50520000 0.48059021 0.37272051
0.50560000 0.48089712 0.37295847
0.50600000 0.48124052 0.37322472
0.50640000 0.49207817 0.38162755
0.50680000 0.49226641 0.38177350
0.50720000 0.48721619 0.37785787
0.50760000 0.48304983 0.37462754
0.50800000 0.48312834 0.37468841
0.50840000 0.48399714 0.37536203
0.50880000 0.48826402 0.37867029
0.50920000 0.48765935 0.37820147
0.50960000 0.48784137 0.37834260
0.51000000 0.49364827 0.38284490
0.51040000 0.48945447 0.37959329
0.51080000 0.49050864 0.38041063
0.51120000 0.48657397 0.37735993
0.51160000 0.49114031 0.38090039
0.51200000 0.49160044 0.38125714
0.51240000 0.49167022 0.38131124
0.51280000 0.49305563 0.38238540
0.51320000 0.48920705 0.37940146
0.51360000 0.49505979 0.38393930
0.51400000 0.49535364 0.38416713
0.51440000 0.49503590 0.38392078
0.51480000 0.48958176 0.37969199
0.51520000 0.49006146 0.38006392
0.51560000 0.49508372 0.38395786
0.51600000 0.49547184 0.38425878
0.51640000 0.49577487 0.38449373
0.51680000 0.49649474 0.38505188
0.51720000 0.49767149 0.38596425
0.51760000 0.49815904 0.38634227
0.51800000 0.49337472 0.38263281
0.51840000 0.49206704 0.38161892
0.51880000 0.49678612 0.38527779
0.51920000 0.49915804 0.38711683
0.51960000 0.49965496 0.38750211
0.52000000 0.50045687 0.38812386
0.52040000 0.50164040 0.38904149
0.52080000 0.50203096 0.38934430
0.52120000 0.49624740 0.38486010
0.52160000 0.49664646 0.38516951
0.52200000 0.50212119 0.38941427
0.52240000 0.50153812 0.38896219
0.52280000 0.50243626 0.38965855
0.52320000 0.50097678 0.38852696
0.52360000 0.50116386 0.38867201
0.52400000 0.50209583 0.38939460
0.52440000 0.50280074 0.38994114
0.52480000 0.51103580 0.39632609
0.52520000 0.51118170 0.39643921
0.52560000 0.51027056 0.39573277
0.52600000 0.50373807 0.39066789
0.52640000 0.50336981 0.39038237
0.52680000 0.50406881 0.39092433
0.52720000 0.50503205 0.39167117
0.52760000 0.50629887 0.39265337
0.52800000 0.50918022 0.39488739
0.52840000 0.50341291 0.39041579
0.52880000 0.50328473 0.39031640
0.52920000 0.50177691 0.38914733
0.52960000 0.50191173 0.38925186
0.53000000 0.50270689 0.38986838
0.53040000 0.50803389 0.39399860
0.53080000 0.51433277 0.39888235
0.53120000 0.51511592 0.39948955
0.53160000 0.51014231 0.39563334
0.53200000 0.51044039 0.39586445
0.53240000 0.51034552 0.39579089
0.53280000 0.51154719 0.39672259
0.53320000 0.51265225 0.39757938
0.53360000 0.51294101 0.39780327
0.53400000 0.51969407 0.40303916
0.53440000 0.52025033 0.40347046
0.53480000 0.51207648 0.39713297
0.53520000 0.51309732 0.39792446
0.53560000 0.51282998 0.39771718
0.53600000 0.51367238 0.39837033
0.53640000 0.50901798 0.39476160
0.53680000 0.51489327 0.39931693
0.53720000 0.51621199 0.40033938
0.53760000 0.51604112 0.40020690
0.53800000 0.51796467 0.40169829
0.53840000 0.51827502 0.40193892
0.53880000 0.51817917 0.40186461
0.53920000 0.51304941 0.39788732
0.53960000 0.51345426 0.39820121
0.54000000 0.51425275 0.39882031
0.54040000 0.51533047 0.39965591
0.54080000 0.51591160 0.40010647
0.54120000 0.52164831 0.40455436
0.54160000 0.52169033 0.40458693
0.54200000 0.52145202 0.40440216
0.54240000 0.51990646 0.40320384
0.54280000 0.52053541 0.40369148
0.54320000 0.52658546 0.40838231
0.54360000 0.52711110 0.40878986
0.54400000 0.52288843 0.40551586
0.54440000 0.52313217 0.40570485
0.54480000 0.52272450 0.40538877
0.54520000 0.52288115 0.40551022
0.54560000 0.52364892 0.40610550
0.54600000 0.52946924 0.41061821
0.54640000 0.53155127 0.41223248
0.54680000 0.52622891 0.40810587
0.54720000 0.52636206 0.40820910
0.54760000 0.52690594 0.40863079
0.54800000 0.52743502 0.40904100
0.54840000 0.52545789 0.40750806
0.54880000 0.53257006 0.41302239
0.54920000 0.53237163 0.41286854
0.54960000 0.53282183 0.41321760
0.55000000 0.52702751 0.40872504
0.55040000 0.52759127 0.40916215
0.55080000 0.52823269 0.40965947
0.55120000 0.52910288 0.41033416
0.55160000 0.52961472 0.41073101
0.55200000 0.52953946 0.41067265
0.55240000 0.53056491 0.41146772
0.55280000 0.53093634 0.41175571
0.55320000 0.52481236 0.40700756
0.55360000 0.52842621 0.40980951
0.55400000 0.52828227 0.40969791
0.55440000 0.52811777 0.40957037
0.55480000 0.53381279 0.41398593
0.55520000 0.53241145 0.41289942
0.55560000 0.53333118 0.41361252
0.55600000 0.53380798 0.41398219
0.55640000 0.53338465 0.41365397
0.55680000 0.53382407 0.41399467
0.55720000 0.53432305 0.41438155
0.55760000 0.53426465 0.41433627
0.55800000 0.54148127 0.41993157
0.55840000 0.54183531 0.42020608
0.55880000 0.53717986 0.41659654
0.55920000 0.53850864 0.41762679
0.55960000 0.53687954 0.41636369
0.56000000 0.53734225 0.41672244
0.56040000 0.53743927 0.41679766
0.56080000 0.53806403 0.41728207
0.56120000 0.53625135 0.41587663
0.56160000 0.53672897 0.41624695
0.56200000 0.53696921 0.41643321
0.56240000 0.53732890 0.41671209
0.56280000 0.54000412 0.41878629
0.56320000 0.54208760 0.42040169
0.56360000 0.54242907 0.42066644
0.56400000 0.54245708 0.42068816
0.56440000 0.54312528 0.42120624
0.56480000 0.54457775 0.42233239
0.56520000 0.54256842 0.42077448
0.56560000 0.53743349 0.41679319
0.56600000 0.53749797 0.41684318
0.56640000 0.53825026 0.41742646
0.56680000 0.53853943 0.41765066
0.56720000 0.53869475 0.41777109
0.56760000 0.53903068 0.41803155
0.40000000 0.38070823 0.29527835
0.39960000 0.38427281 0.29804210
0.39920000 0.38362236 0.29753779
0.39880000 0.38512950 0.29870632
0.39840000 0.38464779 0.29833283
0.39800000 0.37964949 0.29445747
0.39760000 0.37948304 0.29432842
0.39720000 0.37880194 0.29380034
0.39680000 0.37823602 0.29336156
0.39640000 0.37816501 0.29330650
0.39600000 0.37793214 0.29312594
0.39560000 0.38164239 0.29600264
0.39520000 0.38117004 0.29563641
0.39480000 0.38088544 0.29541575
0.39440000 0.38035186 0.29500205
0.39400000 0.37984310 0.29460758
0.39360000 0.37485181 0.29073766
0.39320000 0.37937509 0.29424472
0.39280000 0.37687744 0.29230820
0.39240000 0.37565118 0.29135744
0.39200000 0.37817266 0.29331243
0.39160000 0.37775284 0.29298693
0.39120000 0.37709922 0.29248015
0.39080000 0.37684922 0.29228632
0.39040000 0.37660875 0.29209987
0.39000000 0.37410200 0.29015630
0.38960000 0.37353738 0.28971853
0.38920000 0.37342664 0.28963267
0.38880000 0.37529969 0.29108492
0.38840000 0.37046720 0.28733811
0.38800000 0.37004630 0.28701177
0.38760000 0.37364574 0.28980255
0.38720000 0.37341577 0.28962424
0.38680000 0.37322300 0.28947478
0.38640000 0.37317736 0.28943939
0.38600000 0.37199266 0.28852085
0.38560000 0.37154885 0.28817675
0.38520000 0.36730495 0.28488630
0.38480000 0.36700780 0.28465591
0.38440000 0.36651685 0.28427525
0.38400000 0.37033853 0.28723834
0.38360000 0.36761300 0.28512514
0.38320000 0.36703176 0.28467448
0.38280000 0.36662072 0.28435579
0.38240000 0.36686653 0.28454638
0.38200000 0.36413882 0.28243148
0.38160000 0.36517427 0.28323430
0.38120000 0.36426358 0.28252821
0.38080000 0.36715221 0.28476787
0.38040000 0.36660752 0.28434555
0.38000000 0.36617409 0.28400950
0.37960000 0.36161664 0.28047594
0.37920000 0.36139846 0.28030678
0.37880000 0.36109846 0.28007418
0.37840000 0.36465485 0.28283158
0.37800000 0.36433160 0.28258095
0.37760000 0.36355237 0.28197678
0.37720000 0.36316805 0.28167881
0.37680000 0.36311492 0.28163762
0.37640000 0.36238689 0.28107314
0.37600000 0.36213012 0.28087406
0.37560000 0.36174301 0.28057392
0.37520000 0.36149579 0.28038224
0.37480000 0.36113550 0.28010290
0.37440000 0.36082735 0.27986398
0.37400000 0.36034074 0.27948669
0.37360000 0.35976547 0.27904066
0.37320000 0.36291412 0.28148193
0.37280000 0.35891551 0.27838166
0.37240000 0.35880759 0.27829798
0.37200000 0.35824429 0.27786123
0.37160000 0.35775631 0.27748289
0.37120000 0.35731398 0.27713994
0.37080000 0.35682786 0.27676302
0.37040000 0.35683336 0.27676729
0.37000000 0.35622808 0.27629799
0.36960000 0.35557141 0.27578886
0.36920000 0.35513735 0.27545231
0.36880000 0.35481911 0.27520557
0.36840000 0.35476034 0.27516000
0.36800000 0.35119033 0.27239204
0.36760000 0.35000894 0.27147606
0.36720000 0.34976175 0.27128441
0.36680000 0.35298939 0.27378692
0.36640000 0.35236192 0.27330042
0.36600000 0.35228933 0.27324414
0.36560000 0.35162626 0.27273003
0.36520000 0.35154696 0.27266855
0.36480000 0.34780265 0.26976545
0.36440000 0.34712253 0.26923813
0.36400000 0.34638155 0.26866362
0.36360000 0.35001007 0.27147695
0.36320000 0.34950379 0.27108441
0.36280000 0.34940213 0.27100558
0.36240000 0.34873978 0.27049204
0.36200000 0.34835579 0.27019432
0.36160000 0.34423463 0.26699903
0.36120000 0.34384426 0.26669637
0.36080000 0.34705666 0.26918706
0.36040000 0.34655875 0.26880101
0.36000000 0.34602774 0.26838930
0.35960000 0.34571541 0.26814714
0.35920000 0.34559157 0.26805112
0.35880000 0.34116170 0.26461648
0.35840000 0.34104056 0.26452255
0.35800000 0.34119844 0.26464496
0.35760000 0.34363027 0.26653045
0.35720000 0.34365732 0.26655142
0.35680000 0.34325040 0.26623592
0.35640000 0.34264220 0.26576437
0.35600000 0.34225718 0.26546585
0.35560000 0.34187159 0.26516688
0.35520000 0.34135652 0.26476753
0.35480000 0.34107413 0.26454858
0.35440000 0.34046444 0.26407587
0.35400000 0.34010675 0.26379854
0.35360000 0.33981792 0.26357459
0.35320000 0.33973427 0.26350974
0.35280000 0.33924199 0.26312806
0.35240000 0.33875064 0.26274709
0.35200000 0.33824067 0.26235169
0.35160000 0.33779714 0.26200781
0.35120000 0.33725790 0.26158972
0.35080000 0.33706224 0.26143802
0.35040000 0.33689157 0.26130569
0.35000000 0.33669616 0.26115418
0.34960000 0.33598837 0.26060541
0.34920000 0.33554539 0.26026195
0.34880000 0.33508629 0.25990599
0.34840000 0.33830468 0.26240133
0.34800000 0.33444618 0.25940969
0.34760000 0.33361575 0.25876583
0.34720000 0.33378524 0.25889724
0.34680000 0.33342607 0.25861876
0.34640000 0.33271170 0.25806488
0.34600000 0.33235192 0.25778593
0.34560000 0.33180123 0.25735897
0.34520000 0.33122563 0.25691268
0.34480000 0.33096815 0.25671305
0.34440000 0.33083296 0.25660822
0.34400000 0.33027599 0.25617639
0.34360000 0.33005909 0.25600822
0.34320000 0.32957836 0.25563549
0.34280000 0.32916976 0.25531869
0.34240000 0.32855710 0.25484367
0.34200000 0.32813601 0.25451719
0.34160000 0.32791914 0.25434904
0.34120000 0.32778204 0.25424274
0.34080000 0.32722797 0.25381315
0.34040000 0.32661319 0.25333648
0.34000000 0.32622217 0.25303331
0.33960000 0.32596399 0.25283314
0.33920000 0.32538081 0.25238097
0.33880000 0.32519122 0.25223398
0.33840000 0.32470650 0.25185816
0.33800000 0.32453572 0.25172575
0.33760000 0.32436126 0.25159048
0.33720000 0.32388799 0.25122354
0.33680000 0.32352423 0.25094150
0.33640000 0.32268457 0.25029049
0.33600000 0.32199545 0.24975619
0.33560000 0.32198004 0.24974424
0.33520000 0.32161580 0.24946183
0.33480000 0.32112064 0.24907791
0.33440000 0.32090393 0.24890989
0.33400000 0.32018266 0.24835066
0.33360000 0.31979120 0.24804715
0.33320000 0.31947852 0.24780472
0.33280000 0.31908244 0.24749762
0.33240000 0.31871442 0.24721228
0.33200000 0.31824811 0.24685073
0.33160000 0.31784801 0.24654052
0.33120000 0.31759455 0.24634400
0.33080000 0.31718036 0.24602287
0.33040000 0.31663095 0.24559689
0.33000000 0.31612294 0.24520301
0.32960000 0.31579858 0.24495152
0.32920000 0.31560278 0.24479971
0.32880000 0.31547340 0.24469940
0.32840000 0.31492978 0.24427791
0.32800000 0.31426925 0.24376578
0.32760000 0.31383436 0.24342859
0.32720000 0.31350379 0.24317229
0.32680000 0.31307031 0.24283620
0.32640000 0.31253976 0.24242484
0.32600000 0.31262451 0.24249055
0.32560000 0.31220685 0.24216673
0.32520000 0.31148005 0.24160320
0.32480000 0.31108525 0.24129710
0.32440000 0.31075154 0.24103837
0.32400000 0.31060760 0.24092677
0.32360000 0.30997938 0.24043969
0.32320000 0.30963518 0.24017281
0.32280000 0.30939467 0.23998634
0.32240000 0.30887725 0.23958516
0.32200000 0.30873531 0.23947511
0.32160000 0.30818363 0.23904737
0.32120000 0.30774008 0.23870347
0.32080000 0.30739693 0.23843742
0.32040000 0.30685579 0.23801785
0.32000000 0.30637368 0.23764405
0.31960000 0.30586198 0.23724731
0.31920000 0.30544958 0.23692757
0.31880000 0.30537397 0.23686894
0.31840000 0.30497877 0.23656253
0.31800000 0.30455064 0.23623058
0.31760000 0.30385450 0.23569084
0.31720000 0.30355933 0.23546198
0.31680000 0.30314081 0.23513749
0.31640000 0.30252572 0.23466059
0.31600000 0.30237907 0.23454688
0.31560000 0.30218735 0.23439824
0.31520000 0.30166226 0.23399111
0.31480000 0.30122165 0.23364950
0.31440000 0.30057218 0.23314593
0.31400000 0.30048114 0.23307535
0.31360000 0.29977297 0.23252628
0.31320000 0.29986327 0.23259630
0.31280000 0.29872915 0.23171697
0.31240000 0.29860149 0.23161799
0.31200000 0.29806060 0.23119862
0.31160000 0.29807350 0.23120862
0.31120000 0.29778643 0.23098604
0.31080000 0.29712395 0.23047240
0.31040000 0.29718403 0.23051898
0.31000000 0.29650634 0.22999354
0.30960000 0.29610337 0.22968110
0.30920000 0.29526158 0.22902843
0.30880000 0.29512194 0.22892017
0.30840000 0.29484855 0.22870819
0.30800000 0.29476418 0.22864278
0.30760000 0.29405716 0.22809460
0.30720000 0.29383187 0.22791993
0.30680000 0.29366600 0.22779132
0.30640000 0.29250909 0.22689433
0.30600000 0.29593904 0.22955369
0.30560000 0.29171778 0.22628080
0.30520000 0.29158185 0.22617540
0.30480000 0.29122479 0.22589856
0.30440000 0.29086317 0.22561819
0.30400000 0.29050074 0.22533718
0.30360000 0.29004623 0.22498479
0.30320000 0.28946456 0.22453379
0.30280000 0.28918057 0.22431360
0.30240000 0.29227016 0.22670907
0.30200000 0.29219561 0.22665127
0.30160000 0.28806500 0.22344866
0.30120000 0.28782228 0.22326047
0.30080000 0.28723122 0.22280220
0.30040000 0.28679170 0.22246143
0.30000000 0.28629425 0.22207573
0.29960000 0.28618661 0.22199228
0.29920000 0.28598254 0.22183405
0.29880000 0.28567720 0.22159731
0.29840000 0.28495138 0.22103456
0.29800000 0.28472464 0.22085876
0.29760000 0.28396735 0.22027160
0.29720000 0.28349838 0.21990799
0.29680000 0.28294367 0.21947791
0.29640000 0.28305083 0.21956099
0.29600000 0.28262237 0.21922879
0.29560000 0.28222596 0.21892144
0.29520000 0.28200989 0.21875391
0.29480000 0.28124750 0.21816280
0.29440000 0.28081479 0.21782731
0.29400000 0.28014546 0.21730835
0.29360000 0.27988635 0.21710745
0.29320000 0.27977986 0.21702489
0.29280000 0.27934455 0.21668738
0.29240000 0.27947709 0.21679014
0.29200000 0.27846032 0.21600180
0.29160000 0.27841440 0.21596619
0.29120000 0.28108436 0.21803631
0.29080000 0.28121140 0.21813482
0.29040000 0.28076765 0.21779076
0.29000000 0.27621080 0.21425767
0.28960000 0.27604554 0.21412953
0.28920000 0.27550169 0.21370787
0.28880000 0.27528787 0.21354208
0.28840000 0.27489659 0.21323871
0.28800000 0.27468414 0.21307399
0.28760000 0.27434974 0.21281472
0.28720000 0.27403144 0.21256793
0.28680000 0.27323255 0.21194852
0.28640000 0.27250530 0.21138466
0.28600000 0.27237950 0.21128712
0.28560000 0.27180723 0.21084341
0.28520000 0.27210553 0.21107470
0.28480000 0.27153994 0.21063618
0.28440000 0.27105700 0.21026174
0.28400000 0.27069680 0.20998246
0.28360000 0.26999145 0.20943558
0.28320000 0.26995049 0.20940382
0.28280000 0.26938141 0.20896259
0.28240000 0.26931476 0.20891091
0.28200000 0.26860901 0.20836372
0.28160000 0.26833495 0.20815123
0.28120000 0.26775344 0.20770036
0.28080000 0.26707636 0.20717540
0.28040000 0.26676240 0.20693198
0.28000000 0.26649987 0.20672843
0.27960000 0.26594077 0.20629493
0.27920000 0.26548899 0.20594466
0.27880000 0.26550224 0.20595493
0.27840000 0.26522033 0.20573635
0.27800000 0.26469191 0.20532665
0.27760000 0.26436218 0.20507100
0.27720000 0.26391970 0.20472793
0.27680000 0.26331129 0.20425621
0.27640000 0.26313490 0.20411945
0.27600000 0.26271341 0.20379265
0.27560000 0.26192571 0.20318191
0.27520000 0.26142646 0.20279483
0.27480000 0.26123553 0.20264679
0.27440000 0.26088761 0.20237704
0.27400000 0.26070858 0.20223823
0.27360000 0.26015938 0.20181242
0.27320000 0.25949875 0.20130021
0.27280000 0.25921554 0.20108062
0.27240000 0.25908175 0.20097689
0.27200000 0.25849307 0.20052046
0.27160000 0.25824130 0.20032526
0.27120000 0.25778072 0.19996815
0.27080000 0.25752762 0.19977192
0.27040000 0.25735756 0.19964006
0.27000000 0.25701103 0.19937138
0.26960000 0.25591553 0.19852200
0.26920000 0.25557450 0.19825759
0.26880000 0.25541358 0.19813282
0.26840000 0.25507212 0.19786807
0.26800000 0.25459216 0.19749595
0.26760000 0.25434003 0.19730046
0.26720000 0.25762923 0.19985069
0.26680000 0.25661173 0.19906179
0.26640000 0.25271587 0.19604119
0.26600000 0.25211556 0.19557574
0.26560000 0.25197091 0.19546359
0.26520000 0.25181796 0.19534501
0.26480000 0.25137326 0.19500021
0.26440000 0.25472578 0.19759955
0.26400000 0.25443596 0.19737483
0.26360000 0.25400577 0.19704129
0.26320000 0.25351338 0.19665953
0.26280000 0.24930534 0.19339688
0.26240000 0.24896544 0.19313334
0.26200000 0.24875164 0.19296758
0.26160000 0.24861350 0.19286047
0.26120000 0.24790166 0.19230855
0.26080000 0.24752827 0.19201905
0.26040000 0.24662978 0.19132242
0.26000000 0.24647198 0.19120007
0.25960000 0.24618871 0.19098044
0.25920000 0.24580837 0.19068555
0.25880000 0.24560126 0.19052497
0.25840000 0.24516300 0.19018517
0.25800000 0.24431289 0.18952605
0.25760000 0.24406478 0.18933368
0.25720000 0.24366040 0.18902015
0.25680000 0.24330838 0.18874722
0.25640000 0.24320067 0.18866370
0.25600000 0.24277573 0.18833423
0.25560000 0.24211885 0.18782493
0.25520000 0.24161365 0.18743323
0.25480000 0.24124888 0.18715041
0.25440000 0.24071116 0.18673349
0.25400000 0.24082220 0.18681959
0.25360000 0.24026826 0.18639010
0.25320000 0.23981480 0.18603852
0.25280000 0.23943520 0.18574420
0.25240000 0.23899712 0.18540453
0.25200000 0.23846942 0.18499539
0.25160000 0.23814709 0.18474548
0.25120000 0.23771598 0.18441122
0.25080000 0.23752538 0.18426344
0.25040000 0.23718742 0.18400141
0.25000000 0.23671423 0.18363453
0.24960000 0.23619929 0.18323528
0.24920000 0.23571750 0.18286172
0.24880000 0.23550462 0.18269668
0.24840000 0.23507584 0.18236423
0.24800000 0.23463014 0.18201866
0.24760000 0.23780350 0.18447908
0.24720000 0.23766113 0.18436870
0.24680000 0.23352543 0.18116214
0.24640000 0.23303122 0.18077896
0.24600000 0.23274136 0.18055422
0.24560000 0.23240063 0.18029004
0.24520000 0.23197467 0.17995978
0.24480000 0.23142740 0.17953546
0.24440000 0.23102192 0.17922107
0.24400000 0.23062591 0.17891403
0.24360000 0.23031798 0.17867528
0.24320000 0.22963618 0.17814666
0.24280000 0.22951279 0.17805099
0.24240000 0.22919926 0.17780790
0.24200000 0.22877397 0.17747815
0.24160000 0.22827604 0.17709210
0.24120000 0.22777721 0.17670533
0.24080000 0.22731008 0.17634315
0.24040000 0.22674676 0.17590639
0.24000000 0.22671133 0.17587892
0.23960000 0.22588880 0.17524118
0.23920000 0.22597401 0.17530725
0.23880000 0.22554969 0.17497825
0.23840000 0.22502407 0.17457072
0.23800000 0.22457140 0.17421975
0.23760000 0.22422899 0.17395427
0.23720000 0.22386670 0.17367337
0.23680000 0.22357325 0.17344584
0.23640000 0.22325050 0.17319561
0.23600000 0.22295678 0.17296787
0.23560000 0.22238449 0.17252416
0.23520000 0.22171657 0.17200629
0.23480000 0.22507216 0.17460801
0.23440000 0.22511117 0.17463825
0.23400000 0.22492897 0.17449699
0.23360000 0.22417418 0.17391177
0.23320000 0.22040865 0.17099222
0.23280000 0.21976388 0.17049230
0.23240000 0.21894836 0.16986000
0.23200000 0.21841973 0.16945014
0.23160000 0.21835772 0.16940205
0.23120000 0.22182331 0.17208906
0.23080000 0.22118221 0.17159199
0.23040000 0.21721956 0.16851960
0.23000000 0.21705569 0.16839255
0.22960000 0.21657918 0.16802309
0.22920000 0.21590248 0.16749841
0.22880000 0.21928470 0.17012078
0.22840000 0.21912727 0.16999871
0.22800000 0.21474560 0.16660144
0.22760000 0.21428153 0.16624164
0.22720000 0.21397098 0.16600086
0.22680000 0.21335415 0.16552260
0.22640000 0.21319422 0.16539860
0.22600000 0.21258210 0.16492401
0.22560000 0.21602619 0.16759434
0.22520000 0.21560484 0.16726765
0.22480000 0.21160103 0.16416335
0.22440000 0.21118536 0.16384106
0.22400000 0.21064100 0.16341900
0.22360000 0.20977162 0.16274494
0.22320000 0.20977130 0.16274469
0.22280000 0.20951903 0.16254909
0.22240000 0.20927082 0.16235665
0.22200000 0.20874721 0.16195067
0.22160000 0.20832144 0.16162056
0.22120000 0.20773784 0.16116807
0.22080000 0.20711995 0.16068900
0.22040000 0.20694762 0.16055539
0.22000000 0.20656839 0.16026135
0.21960000 0.20633134 0.16007756
0.21920000 0.20605668 0.15986461
0.21880000 0.20554686 0.15946932
0.21840000 0.20522911 0.15922296
0.21800000 0.20467379 0.15879240
0.21760000 0.21276003 0.16506196
0.21720000 0.21235211 0.16474569
0.21680000 0.21209525 0.16454653
0.21640000 0.21174346 0.16427378
0.21600000 0.21147812 0.16406805
0.21560000 0.21069943 0.16346431
0.21520000 0.21070605 0.16346943
0.21480000 0.21002973 0.16294506
0.21440000 0.20984178 0.16279934
0.21400000 0.20928572 0.16236820
0.21360000 0.20904932 0.16218491
0.21320000 0.20865200 0.16187685
0.21280000 0.20812843 0.16147091
0.21240000 0.20771568 0.16115089
0.21200000 0.20741350 0.16091660
0.21160000 0.20684197 0.16047347
0.21120000 0.20646680 0.16018259
0.21080000 0.20628965 0.16004524
0.21040000 0.20576397 0.15963766
0.21000000 0.20518730 0.15919054
0.20960000 0.20508018 0.15910749
0.20920000 0.20468490 0.15880101
0.20880000 0.20403590 0.15829782
0.20840000 0.20362194 0.15797686
0.20800000 0.20315413 0.15761416
0.20760000 0.20280986 0.15734723
0.20720000 0.20242068 0.15704549
0.20680000 0.20225507 0.15691708
0.20640000 0.20180098 0.15656501
0.20600000 0.20125737 0.15614353
0.20560000 0.20089081 0.15585932
0.20520000 0.20062144 0.15565047
0.20480000 0.20028673 0.15539096
0.20440000 0.19985834 0.15505881
0.20400000 0.19981341 0.15502397
0.20360000 0.19925360 0.15458993
0.20320000 0.19861392 0.15409396
0.20280000 0.19794866 0.15357817
0.20240000 0.19769354 0.15338036
0.20200000 0.19736051 0.15312215
0.20160000 0.19716198 0.15296822
0.20120000 0.20022306 0.15534159
0.20080000 0.19971404 0.15494693
0.20040000 0.19944969 0.15474197
0.20000000 0.19502455 0.15131099
0.19960000 0.19484484 0.15117166
0.19920000 0.19437710 0.15080900
0.19880000 0.19428458 0.15073727
0.19840000 0.19376872 0.15033730
0.19800000 0.19337523 0.15003222
0.19760000 0.19290541 0.14966794
0.19720000 0.19262581 0.14945117
0.19680000 0.19218570 0.14910993
0.19640000 0.19555851 0.15172499
0.19600000 0.19517306 0.15142614
0.19560000 0.19488969 0.15120643
0.19520000 0.19404275 0.15054977
0.19480000 0.19009253 0.14748702
0.19440000 0.18986930 0.14731394
0.19400000 0.18938326 0.14693709
0.19360000 0.18903897 0.14667015
0.19320000 0.19227823 0.14918167
0.19280000 0.19187816 0.14887148
0.19240000 0.18751097 0.14548544
0.19200000 0.18700041 0.14508959
0.19160000 0.18701921 0.14510416
0.19120000 0.18658387 0.14476663
0.19080000 0.18616261 0.14444001
0.19040000 0.18598289 0.14430066
0.19000000 0.18566086 0.14405098
0.18960000 0.18493588 0.14348888
0.18920000 0.18829383 0.14609242
0.18880000 0.18799859 0.14586351
0.18840000 0.18738973 0.14539144
0.18800000 0.18364696 0.14248953
0.18760000 0.18319837 0.14214172
0.18720000 0.18250464 0.14160385
0.18680000 0.18245534 0.14156563
0.18640000 0.18210067 0.14129064
0.18600000 0.18116492 0.14056512
0.18560000 0.18111998 0.14053027
0.18520000 0.18079622 0.14027925
0.18480000 0.18034916 0.13993263
0.18440000 0.18370898 0.14253762
0.18400000 0.18276869 0.14180858
0.18360000 0.18289493 0.14190645
0.18320000 0.17888678 0.13879879
0.18280000 0.17853802 0.13852838
0.18240000 0.17805185 0.13815144
0.18200000 0.17744954 0.13768444
0.18160000 0.17695200 0.13729868
0.18120000 0.17645031 0.13690970
0.18080000 0.17613112 0.13666223
0.18040000 0.17575797 0.13637291
0.18000000 0.17558365 0.13623776
0.17960000 0.17523885 0.13597041
0.17920000 0.17475372 0.13559427
0.17880000 0.17784675 0.13799241
0.17840000 0.17736480 0.13761875
0.17800000 0.17709715 0.13741122
0.17760000 0.17292035 0.13417280
0.17720000 0.17255278 0.13388780
0.17680000 0.17234610 0.13372756
0.17640000 0.17580147 0.13640664
0.17600000 0.17528125 0.13600329
0.17560000 0.17105283 0.13272484
0.17520000 0.17093085 0.13263027
0.17480000 0.17052321 0.13231421
0.17440000 0.17344767 0.13458165
0.17400000 0.16447254 0.12762290
0.17360000 0.16392786 0.12720059
0.17320000 0.16008457 0.12422075
0.17280000 0.15936860 0.12366563
0.17240000 0.15917665 0.12351681
0.17200000 0.15895215 0.12334274
0.17160000 0.16754471 0.13000487
0.17120000 0.17035720 0.13218549
0.17080000 0.17009001 0.13197833
0.17040000 0.16954581 0.13155639
0.17000000 0.16934729 0.13140247
0.16960000 0.16522727 0.12820807
0.16920000 0.16479060 0.12786951
0.16880000 0.16428945 0.12748095
0.16840000 0.16409693 0.12733167
0.16800000 0.16720593 0.12974220
0.16760000 0.16677154 0.12940540
0.16720000 0.16653064 0.12921862
0.16680000 0.16609272 0.12887909
0.16640000 0.16598186 0.12879313
0.16600000 0.16176002 0.12551978
0.16560000 0.16120648 0.12509061
0.16520000 0.16094854 0.12489062
0.16480000 0.16015997 0.12427921
0.16440000 0.16006568 0.12420610
0.16400000 0.15959181 0.12383869
0.16360000 0.15896143 0.12334994
0.16320000 0.15851935 0.12300717
0.16280000 0.15856626 0.12304354
0.16240000 0.16154946 0.12535653
0.16200000 0.16083740 0.12480444
0.16160000 0.16068661 0.12468753
0.16120000 0.15683155 0.12169856
0.16080000 0.15588962 0.12096825
0.16040000 0.15621115 0.12121755
0.16000000 0.15543658 0.12061699
0.15960000 0.15534325 0.12054463
0.15920000 0.15527129 0.12048884
0.15880000 0.15451566 0.11990297
0.15840000 0.15406873 0.11955644
0.15800000 0.15348753 0.11910582
0.15760000 0.15330184 0.11896185
0.15720000 0.15306047 0.11877470
0.15680000 0.15252316 0.11835811
0.15640000 0.15214236 0.11806286
0.15600000 0.15551951 0.12068129
0.15560000 0.15450349 0.11989353
0.15520000 0.15087682 0.11708164
0.15480000 0.15050330 0.11679204
0.15440000 0.14980005 0.11624678
0.15400000 0.14941551 0.11594864
0.15360000 0.14911411 0.11571495
0.15320000 0.14905896 0.11567219
0.15280000 0.14858052 0.11530124
0.15240000 0.14793654 0.11480194
0.15200000 0.14744986 0.11442460
0.15160000 0.15062267 0.11688459
0.15120000 0.15038033 0.11669670
0.15080000 0.15022494 0.11657621
0.15040000 0.14610388 0.11338101
0.15000000 0.14582387 0.11316391
0.14960000 0.14519105 0.11267325
0.14920000 0.14481779 0.11238385
0.14880000 0.14461861 0.11222942
0.14840000 0.14406376 0.11179923
0.14800000 0.14383293 0.11162025
0.14760000 0.14351571 0.11137431
0.14720000 0.14646426 0.11366043
0.14680000 0.14606511 0.11335095
0.14640000 0.14190300 0.11012391
0.14600000 0.14162075 0.10990507
0.14560000 0.14147957 0.10979561
0.14520000 0.14103831 0.10945349
0.14480000 0.14068310 0.10917808
0.14440000 0.14022079 0.10881963
0.14400000 0.13996204 0.10861901
0.14360000 0.13888574 0.10778451
0.14320000 0.13920400 0.10803128
0.14280000 0.13886545 0.10776879
0.14240000 0.13807756 0.10715790
0.14200000 0.14116535 0.10955198
0.14160000 0.14111984 0.10951670
0.14120000 0.14039079 0.10895144
0.14080000 0.13646450 0.10590724
0.14040000 0.13607399 0.10560446
0.14000000 0.13578767 0.10538247
0.13960000 0.13551693 0.10517256
0.13920000 0.13507534 0.10483018
0.13880000 0.13470059 0.10453962
0.13840000 0.13418052 0.10413639
0.13800000 0.13380700 0.10384679
0.13760000 0.13335849 0.10349904
0.13720000 0.13288607 0.10313275
0.13680000 0.13248980 0.10282551
0.13640000 0.13216319 0.10257228
0.13600000 0.13181361 0.10230124
0.13560000 0.13150249 0.10206002
0.13520000 0.13091436 0.10160401
0.13480000 0.13070767 0.10144376
0.13440000 0.13041631 0.10121786
0.13400000 0.13002032 0.10091083
0.13360000 0.12928950 0.10034420
0.13320000 0.12904535 0.10015491
0.13280000 0.12859480 0.09980558
0.13240000 0.13162756 0.10215698
0.13200000 0.13131051 0.10191117
0.13160000 0.13077931 0.10149931
0.13120000 0.13054248 0.10131568
0.13080000 0.13057587 0.10134157
0.13040000 0.12993550 0.10084507
0.13000000 0.12597852 0.09777707
0.12960000 0.12553307 0.09743171
0.12920000 0.12526012 0.09722008
0.12880000 0.12474807 0.09682306
0.12840000 0.12429779 0.09647395
0.12800000 0.12691540 0.09850347
0.12760000 0.12679111 0.09840711
0.12720000 0.12658506 0.09824735
0.12680000 0.12587585 0.09769747
0.12640000 0.12618585 0.09793783
0.12600000 0.12153163 0.09432924
0.12560000 0.12141851 0.09424153
0.12520000 0.12084151 0.09379416
0.12480000 0.12076495 0.09373480
0.12440000 0.12015899 0.09326498
0.12400000 0.12347057 0.09583258
0.12360000 0.12311633 0.09555792
0.12320000 0.12320197 0.09562432
0.12280000 0.12180656 0.09454240
0.12240000 0.12266978 0.09521169
0.12200000 0.12150158 0.09430594
0.12160000 0.12091770 0.09385324
0.12120000 0.12029787 0.09337267
0.12080000 0.11656057 0.09047500
0.12040000 0.11646473 0.09040069
0.12000000 0.11595457 0.09000514
0.11960000 0.11549099 0.08964571
0.11920000 0.11507468 0.08932293
0.11880000 0.11458777 0.08894541
0.11840000 0.11430371 0.08872517
0.11800000 0.11382131 0.08835115
0.11760000 0.11356371 0.08815142
0.11720000 0.11313385 0.08781813
0.11680000 0.11263368 0.08743034
0.11640000 0.11248233 0.08731299
0.11600000 0.11192490 0.08688079
0.11560000 0.11152401 0.08656996
0.11520000 0.11113927 0.08627167
0.11480000 0.11082997 0.08603186
0.11440000 0.11039521 0.08569477
0.11400000 0.10967893 0.08513941
0.11360000 0.10939911 0.08492245
0.11320000 0.10920883 0.08477493
0.11280000 0.10908281 0.08467721
0.11240000 0.10833861 0.08410021
0.11200000 0.10791793 0.08377404
0.11160000 0.10746786 0.08342508
0.11120000 0.11049327 0.08577080
0.11080000 0.11001828 0.08540252
0.11040000 0.11007294 0.08544490
0.11000000 0.10932787 0.08486722
0.10960000 0.10884665 0.08449411
0.10920000 0.10854419 0.08425961
0.10880000 0.10811317 0.08392541
0.10840000 0.10770249 0.08360700
0.10800000 0.10752112 0.08346638
0.10760000 0.10741481 0.08338395
0.10720000 0.10691750 0.08299837
0.10680000 0.10603208 0.08231187
0.10640000 0.10611175 0.08237365
0.10600000 0.10525912 0.08171257
0.10560000 0.10474898 0.08131704
0.10520000 0.10439938 0.08104598
0.10480000 0.10385002 0.08062004
0.10440000 0.10378177 0.08056712
0.10400000 0.10379584 0.08057804
0.10360000 0.10327793 0.08017648
0.10320000 0.10265981 0.07969723
0.10280000 0.09875409 0.07666898
0.10240000 0.09833972 0.07634770
0.10200000 0.09793444 0.07603347
0.10160000 0.09776793 0.07590438
0.10120000 0.09716037 0.07543331
0.10080000 0.09661783 0.07501266
0.10040000 0.09641444 0.07485497
0.10000000 0.09594526 0.07449119
0.09960000 0.09583786 0.07440792
0.09920000 0.09517283 0.07389230
0.09880000 0.09477796 0.07358614
0.09840000 0.09437737 0.07327555
0.09800000 0.09400298 0.07298527
0.09760000 0.09702110 0.07532533
0.09720000 0.09672882 0.07509871
0.09680000 0.09268703 0.07196497
0.09640000 0.09264323 0.07193101
0.09600000 0.09201713 0.07144557
0.09560000 0.09163734 0.07115110
0.09520000 0.09121328 0.07082232
0.09480000 0.09416111 0.07310787
0.09440000 0.09361809 0.07268685
0.09400000 0.09387052 0.07288257
0.09360000 0.09350920 0.07260243
0.09320000 0.09237421 0.07172242
0.09280000 0.09202955 0.07145520
0.09240000 0.09169748 0.07119773
0.09200000 0.09131176 0.07089867
0.09160000 0.09084282 0.07053508
0.09120000 0.09041468 0.07020313
0.09080000 0.08688976 0.06747013
0.09040000 0.08663295 0.06727102
0.09000000 0.08608644 0.06684729
0.08960000 0.08607677 0.06683979
0.08920000 0.08892340 0.06904688
0.08880000 0.08844253 0.06867405
0.08840000 0.08779493 0.06817194
0.08800000 0.08385648 0.06511832
0.08760000 0.08345599 0.06480780
0.08720000 0.08328438 0.06467474
0.08680000 0.08270156 0.06422287
0.08640000 0.08252690 0.06408745
0.08600000 0.08287669 0.06435865
0.08560000 0.08456426 0.06566709
0.08520000 0.08487270 0.06590623
0.08480000 0.08411239 0.06531673
0.08440000 0.08047934 0.06249990
0.08400000 0.07999036 0.06212077
0.08360000 0.07922428 0.06152681
0.08320000 0.07942972 0.06168609
0.08280000 0.07890746 0.06128116
0.08240000 0.08183209 0.06354873
0.08200000 0.08142965 0.06323671
0.08160000 0.07778029 0.06040723
0.08120000 0.07819943 0.06073220
0.08080000 0.07658420 0.05947985
0.08040000 0.08041823 0.06245251
0.08000000 0.07920389 0.06151100
0.07960000 0.07893607 0.06130335
0.07920000 0.07537972 0.05854598
0.07880000 0.07487804 0.05815700
0.07840000 0.07460860 0.05794810
0.07800000 0.07732676 0.06005559
0.07760000 0.07671796 0.05958356
0.07720000 0.07336133 0.05698104
0.07680000 0.07300173 0.05670223
0.07640000 0.07244580 0.05627120
0.07600000 0.07188958 0.05583994
0.07560000 0.07147890 0.05552153
0.07520000 0.07142230 0.05547764
0.07480000 0.07099751 0.05514829
0.07440000 0.07361332 0.05717642
0.07400000 0.07321423 0.05686699
0.07360000 0.07283368 0.05657194
0.07320000 0.06937926 0.05389360
0.07280000 0.06889835 0.05352073
0.07240000 0.06850261 0.05321390
0.07200000 0.06818029 0.05296399
0.07160000 0.06786582 0.05272017
0.07120000 0.06737637 0.05234069
0.07080000 0.06701031 0.05205686
0.07040000 0.06658035 0.05172350
0.07000000 0.06596790 0.05124865
0.06960000 0.06550690 0.05089121
0.06920000 0.06530318 0.05073326
0.06880000 0.06488257 0.05040715
0.06840000 0.06460926 0.05019525
0.06800000 0.06522785 0.05067486
0.06760000 0.06488435 0.05040853
0.06720000 0.06303058 0.04897124
0.06680000 0.06303531 0.04897490
0.06640000 0.06253748 0.04858892
0.06600000 0.06518183 0.05063918
0.06560000 0.06478445 0.05033107
0.06520000 0.06476802 0.05031834
0.06480000 0.06492416 0.05043940
0.06440000 0.06475527 0.05030845
0.06400000 0.06043131 0.04695593
0.06360000 0.05993964 0.04657472
0.06320000 0.05928310 0.04606568
0.06280000 0.05895583 0.04581193
0.06240000 0.06151166 0.04779356
0.06200000 0.06128211 0.04761558
0.06160000 0.06091292 0.04732933
0.06120000 0.05770212 0.04483988
0.06080000 0.05693909 0.04424828
0.06040000 0.05681606 0.04415289
0.06000000 0.05615634 0.04364138
0.05960000 0.05693440 0.04424464
0.05920000 0.05664663 0.04402153
0.05880000 0.05489663 0.04266469
0.05840000 0.05765644 0.04480447
0.05800000 0.05723913 0.04448091
0.05760000 0.05736576 0.04457910
0.05720000 0.05725774 0.04449534
0.05680000 0.05723612 0.04447857
0.05640000 0.05650398 0.04391092
0.05600000 0.05571647 0.04330034
0.05560000 0.05477137 0.04256757
0.05520000 0.05444654 0.04231571
0.05480000 0.05404309 0.04200290
0.05440000 0.05385702 0.04185864
0.05400000 0.05401069 0.04197779
0.05360000 0.05434562 0.04223747
0.05320000 0.05328507 0.04141518
0.05280000 0.04895228 0.03805582
0.05240000 0.04867619 0.03784175
0.05200000 0.04937960 0.03838713
0.05160000 0.04915202 0.03821068
0.05120000 0.04867810 0.03784323
0.05080000 0.04776313 0.03713382
0.05040000 0.04644725 0.03611357
0.05000000 0.04627399 0.03597924
0.04960000 0.04589720 0.03568710
0.04920000 0.04536654 0.03527566
0.04880000 0.04506847 0.03504455
0.04840000 0.04466531 0.03473197
0.04800000 0.04423359 0.03439724
0.04760000 0.04377895 0.03404474
0.04720000 0.04339118 0.03374409
0.04680000 0.04611822 0.03585846
0.04640000 0.04587357 0.03566878
0.04600000 0.04517096 0.03512402
0.04560000 0.04489062 0.03490666
0.04520000 0.04131512 0.03213444
0.04480000 0.04104058 0.03192158
0.04440000 0.04064078 0.03161161
0.04400000 0.04011853 0.03120669
0.04360000 0.03983924 0.03099014
0.04320000 0.03943437 0.03067623
0.04280000 0.03900418 0.03034269
0.04240000 0.03870370 0.03010971
0.04200000 0.03810176 0.02964300
0.04160000 0.03941011 0.03065742
0.04120000 0.03733252 0.02904659
0.04080000 0.03847555 0.02993282
0.04040000 0.03758473 0.02924214
0.04000000 0.03637623 0.02830514
0.03960000 0.03608941 0.02808276
0.03920000 0.03596556 0.02798673
0.03880000 0.03561166 0.02771234
0.03840000 0.03472177 0.02702238
0.03800000 0.03390151 0.02638640
0.03760000 0.03507522 0.02729642
0.03720000 0.03335474 0.02596247
0.03680000 0.03309719 0.02576278
0.03640000 0.03263243 0.02540244
0.03600000 0.03218461 0.02505523
0.03560000 0.03196263 0.02488312
0.03520000 0.03281125 0.02554108
0.03480000 0.03106750 0.02418909
0.03440000 0.03070645 0.02390915
0.03400000 0.03038398 0.02365913
0.03360000 0.02980391 0.02320938
0.03320000 0.02949392 0.02296903
0.03280000 0.02999469 0.02335730
0.03240000 0.02984969 0.02324488
0.03200000 0.02934979 0.02285729
0.03160000 0.02962699 0.02307221
0.03120000 0.02750498 0.02142693
0.03080000 0.02810437 0.02189166
0.03040000 0.02642673 0.02059093
0.03000000 0.02936637 0.02287014
0.02960000 0.02880371 0.02243389
0.02920000 0.02858349 0.02226314
0.02880000 0.02813960 0.02191898
0.02840000 0.02483469 0.01935656
0.02800000 0.02431271 0.01895186
0.02760000 0.02493762 0.01943637
0.02720000 0.02474247 0.01928506
0.02680000 0.02295080 0.01789591
0.02640000 0.02586042 0.02015185
0.02600000 0.02569696 0.02002511
0.02560000 0.02555926 0.01991835
0.02520000 0.02511322 0.01957252
0.02480000 0.02104419 0.01641765
0.02440000 0.02092742 0.01632711
0.02400000 0.02018248 0.01574953
0.02360000 0.02009782 0.01568390
0.02320000 0.02245593 0.01751222
0.02280000 0.02177011 0.01698049
0.02240000 0.02139900 0.01669275
0.02200000 0.02122174 0.01655531
0.02160000 0.01888217 0.01474136
0.02120000 0.01865445 0.01456480
0.02080000 0.01820991 0.01422013
0.02040000 0.01671642 0.01306217
0.02000000 0.01627901 0.01272303
0.01960000 0.01857259 0.01450133
0.01920000 0.01850954 0.01445244
0.01880000 0.01821601 0.01422486
0.01840000 0.01817555 0.01419348
0.01800000 0.01793749 0.01400891
0.01760000 0.01400015 0.01095614
0.01720000 0.01446252 0.01131464
0.01680000 0.01306371 0.01023009
0.01640000 0.01254900 0.00983102
0.01600000 0.01330530 0.01041740
0.01560000 0.01201311 0.00941552
0.01520000 0.01120754 0.00879093
0.01480000 0.01257824 0.00985369
0.01440000 0.01087445 0.00853268
0.01400000 0.01094516 0.00858750
0.01360000 0.01323975 0.01036658
0.01320000 0.01252306 0.00981090
0.01280000 0.01225780 0.00960524
0.01240000 0.00943047 0.00741310
0.01200000 0.00834114 0.00656851
0.01160000 0.00833997 0.00656760
0.01120000 0.00846384 0.00666364
0.01080000 0.00701215 0.00553809
0.01040000 0.00676387 0.00534560
0.01000000 0.00928866 0.00730315
0.00960000 0.00887961 0.00698600
0.00920000 0.00846512 0.00666464
0.00880000 0.00513322 0.00408129
0.00840000 0.00570855 0.00452736
0.00800000 0.00450319 0.00359281
0.00760000 0.00383836 0.00307734
0.00720000 0.00355562 0.00285812
0.00680000 0.00345479 0.00277994
0.00640000 0.00579614 0.00459528
0.00600000 0.00539906 0.00428741
0.00560000 0.00507015 0.00403239
0.00520000 0.00230597 0.00188922
0.00480000 0.00208796 0.00172019
0.00440000 0.00163574 0.00136957
0.00400000 0.00370548 0.00297431
0.00360000 0.00293103 0.00237385
0.00320000 -0.00021033 -0.00006176
0.00280000 -0.00070649 -0.00044645
0.00240000 -0.00103333 -0.00069986
0.00200000 -0.00043681 -0.00023736
0.00160000 0.00040344 0.00041412
0.00120000 -0.00157084 -0.00111661
0.00080000 -0.00225577 -0.00164766
0.00040000 -0.00020318 -0.00005621
-0.00000000 -0.00103282 -0.00069946
