# strain(%), strain_el(%), stress(GPa)
0.00000000 -0.00013068 0.00000000
0.00040000 0.00097307 0.00085578
0.00080000 0.00196821 0.00162734
0.00120000 0.00224822 0.00184445
0.00160000 0.00263076 0.00214104
0.00200000 0.00306031 0.00247408
0.00240000 0.00223484 0.00183407
0.00280000 0.00260392 0.00212023
0.00320000 0.00571427 0.00453180
0.00360000 0.00642604 0.00508366
0.00400000 0.00679829 0.00537228
0.00440000 0.00446281 0.00356150
0.00480000 0.00467350 0.00372485
0.00520000 0.00515217 0.00409598
0.00560000 0.00669569 0.00529273
0.00600000 0.00680486 0.00537737
0.00640000 0.00731186 0.00577047
0.00680000 0.00772566 0.00609131
0.00720000 0.00819381 0.00645428
0.00760000 0.00873899 0.00687697
0.00800000 0.00894183 0.00703425
0.00840000 0.00815596 0.00642493
0.00880000 0.00844749 0.00665097
0.00920000 0.01225400 0.00960229
0.00960000 0.01282737 0.01004685
0.01000000 0.01335806 0.01045831
0.01040000 0.00990405 0.00778029
0.01080000 0.01207743 0.00946539
0.01120000 0.01229060 0.00963067
0.01160000 0.01383052 0.01082462
0.01200000 0.01455979 0.01139006
0.01240000 0.01504385 0.01176537
0.01280000 0.01606250 0.01255516
0.01320000 0.01334937 0.01045158
0.01360000 0.01403868 0.01098602
0.01400000 0.01455546 0.01138670
0.01440000 0.01430071 0.01118918
0.01480000 0.01457526 0.01140205
0.01520000 0.01491298 0.01166390
0.01560000 0.01553046 0.01214265
0.01600000 0.01865910 0.01456840
0.01640000 0.01896813 0.01480800
0.01680000 0.01998355 0.01559529
0.01720000 0.02051592 0.01600806
0.01760000 0.02080496 0.01623216
0.01800000 0.02102996 0.01640661
0.01840000 0.02125478 0.01658093
0.01880000 0.02172671 0.01694683
0.01920000 0.01908037 0.01489502
0.01960000 0.01949334 0.01521522
0.02000000 0.01958097 0.01528316
0.02040000 0.02019352 0.01575809
0.02080000 0.02331440 0.01817783
0.02120000 0.02369635 0.01847397
0.02160000 0.02506628 0.01953612
0.02200000 0.02592236 0.02019987
0.02240000 0.02498780 0.01947528
0.02280000 0.02300584 0.01793859
0.02320000 0.02395648 0.01867566
0.02360000 0.02499498 0.01948085
0.02400000 0.02509050 0.01955490
0.02440000 0.02396802 0.01868460
0.02480000 0.02726741 0.02124274
0.02520000 0.02792190 0.02175019
0.02560000 0.02870330 0.02235604
0.02600000 0.02989468 0.02327976
0.02640000 0.02995475 0.02332633
0.02680000 0.03033462 0.02362086
0.02720000 0.03064799 0.02386383
0.02760000 0.03094114 0.02409112
0.02800000 0.03104023 0.02416795
0.02840000 0.03095540 0.02410217
0.02880000 0.03149453 0.02452018
0.02920000 0.03190642 0.02483953
0.02960000 0.03212022 0.02500530
0.03000000 0.03234356 0.02517847
0.03040000 0.03300856 0.02569407
0.03080000 0.03408674 0.02653002
0.03120000 0.03483490 0.02711009
0.03160000 0.03540219 0.02754993
0.03200000 0.03502349 0.02725631
0.03240000 0.03538970 0.02754025
0.03280000 0.03545355 0.02758976
0.03320000 0.03599354 0.02800843
0.03360000 0.03639980 0.02832341
0.03400000 0.03372840 0.02625219
0.03440000 0.03399065 0.02645551
0.03480000 0.03544980 0.02758685
0.03520000 0.03490095 0.02716130
0.03560000 0.03734446 0.02905585
0.03600000 0.03654783 0.02843819
0.03640000 0.03606290 0.02806221
0.03680000 0.03649855 0.02839998
0.03720000 0.03675238 0.02859678
0.03760000 0.03851572 0.02996396
0.03800000 0.03932503 0.03059146
0.03840000 0.03810975 0.02964921
0.03880000 0.03874197 0.03013938
0.03920000 0.04224852 0.03285814
0.03960000 0.04214620 0.03277881
0.04000000 0.04250454 0.03305665
0.04040000 0.04285733 0.03333018
0.04080000 0.04335159 0.03371339
0.04120000 0.04091726 0.03182596
0.04160000 0.04224556 0.03285585
0.04200000 0.04183833 0.03254011
0.04240000 0.04209198 0.03273677
0.04280000 0.04246441 0.03302553
0.04320000 0.04385724 0.03410544
0.04360000 0.04338686 0.03374074
0.04400000 0.04362768 0.03392746
0.04440000 0.04391990 0.03415402
0.04480000 0.04434430 0.03448307
0.04520000 0.04473387 0.03478513
0.04560000 0.04506546 0.03504222
0.04600000 0.04559322 0.03545141
0.04640000 0.04896606 0.03806650
0.04680000 0.04920077 0.03824847
0.04720000 0.04970060 0.03863602
0.04760000 0.05030990 0.03910843
0.04800000 0.04746205 0.03690038
0.04840000 0.04772262 0.03710241
0.04880000 0.04849255 0.03769937
0.04920000 0.04873052 0.03788387
0.04960000 0.04920315 0.03825032
0.05000000 0.04944663 0.03843910
0.05040000 0.05003231 0.03889320
0.05080000 0.05079384 0.03948364
0.05120000 0.05069833 0.03940959
0.05160000 0.05152479 0.04005038
0.05200000 0.05176908 0.04023978
0.05240000 0.05184903 0.04030177
0.05280000 0.05227754 0.04063401
0.05320000 0.05278795 0.04102975
0.05360000 0.05632795 0.04377444
0.05400000 0.05667642 0.04404462
0.05440000 0.05739448 0.04460136
0.05480000 0.05796603 0.04504450
0.05520000 0.05854028 0.04548974
0.05560000 0.05865105 0.04557562
0.05600000 0.05906525 0.04589677
0.05640000 0.05942520 0.04617585
0.05680000 0.06001633 0.04663418
0.05720000 0.06065314 0.04712792
0.05760000 0.05733311 0.04455378
0.05800000 0.05734705 0.04456459
0.05840000 0.05839918 0.04538034
0.05880000 0.05840289 0.04538322
0.05920000 0.05872289 0.04563132
0.05960000 0.05915770 0.04596845
0.06000000 0.05955055 0.04627304
0.06040000 0.05999504 0.04661767
0.06080000 0.06035687 0.04689821
0.06120000 0.06082067 0.04725781
0.06160000 0.06120849 0.04755850
0.06200000 0.06180689 0.04802246
0.06240000 0.06191753 0.04810824
0.06280000 0.06226643 0.04837876
0.06320000 0.06275999 0.04876144
0.06360000 0.06299287 0.04894199
0.06400000 0.06725484 0.05224646
0.06440000 0.06805448 0.05286645
0.06480000 0.06882651 0.05346503
0.06520000 0.06872941 0.05338975
0.06560000 0.06522927 0.05067596
0.06600000 0.06683106 0.05191789
0.06640000 0.06688774 0.05196183
0.06680000 0.06636700 0.05155808
0.06720000 0.06678909 0.05188535
0.06760000 0.07058220 0.05482628
0.06800000 0.07145192 0.05550061
0.06840000 0.07158070 0.05560045
0.06880000 0.07261259 0.05640052
0.06920000 0.07251999 0.05632872
0.06960000 0.07234665 0.05619433
0.07000000 0.07262790 0.05641239
0.07040000 0.07297926 0.05668481
0.07080000 0.07356223 0.05713681
0.07120000 0.07369232 0.05723767
0.07160000 0.07453079 0.05788777
0.07200000 0.07507966 0.05831333
0.07240000 0.07571456 0.05880559
0.07280000 0.07608714 0.05909446
0.07320000 0.07659628 0.05948922
0.07360000 0.07695126 0.05976444
0.07400000 0.07690796 0.05973088
0.07440000 0.07701407 0.05981315
0.07480000 0.07403155 0.05750069
0.07520000 0.07796310 0.06054897
0.07560000 0.07818187 0.06071858
0.07600000 0.07883496 0.06122495
0.07640000 0.07911018 0.06143834
0.07680000 0.07961444 0.06182931
0.07720000 0.07986439 0.06202310
0.07760000 0.08012367 0.06222413
0.07800000 0.08063597 0.06262134
0.07840000 0.08104912 0.06294167
0.07880000 0.08144161 0.06324598
0.07920000 0.08181379 0.06353454
0.07960000 0.08223046 0.06385760
0.08000000 0.08253075 0.06409043
0.08040000 0.08291778 0.06439051
0.08080000 0.08350470 0.06484557
0.08120000 0.08395871 0.06519758
0.08160000 0.08112049 0.06299700
0.08200000 0.08139949 0.06321332
0.08240000 0.08200354 0.06368166
0.08280000 0.08224670 0.06387020
0.08320000 0.08251046 0.06407470
0.08360000 0.08312853 0.06455391
0.08400000 0.08712422 0.06765192
0.08440000 0.08806568 0.06838186
0.08480000 0.08731354 0.06779871
0.08520000 0.08813837 0.06843822
0.08560000 0.08849627 0.06871572
0.08600000 0.08538710 0.06630506
0.08640000 0.08578401 0.06661281
0.08680000 0.08631753 0.06702646
0.08720000 0.08660732 0.06725114
0.08760000 0.08708988 0.06762529
0.08800000 0.09089746 0.07057745
0.08840000 0.09148261 0.07103114
0.08880000 0.09226729 0.07163953
0.08920000 0.08884525 0.06898629
0.08960000 0.08895332 0.06907009
0.09000000 0.08941205 0.06942575
0.09040000 0.08980049 0.06972693
0.09080000 0.09040202 0.07019332
0.09120000 0.09332627 0.07246060
0.09160000 0.09492428 0.07369959
0.09200000 0.09575635 0.07434472
0.09240000 0.09505027 0.07379727
0.09280000 0.09213687 0.07153841
0.09320000 0.09245486 0.07178495
0.09360000 0.09288846 0.07212115
0.09400000 0.09333629 0.07246836
0.09440000 0.09376928 0.07280407
0.09480000 0.09413408 0.07308692
0.09520000 0.09520109 0.07391421
0.09560000 0.09495598 0.07372416
0.09600000 0.09519663 0.07391075
0.09640000 0.09896506 0.07683255
0.09680000 0.09939465 0.07716563
0.09720000 0.10021201 0.07779936
0.09760000 0.10141080 0.07872882
0.09800000 0.10095687 0.07837687
0.09840000 0.10138140 0.07870603
0.09880000 0.10131575 0.07865513
0.09920000 0.10182528 0.07905018
0.09960000 0.10223552 0.07936826
0.10000000 0.10266609 0.07970209
0.10040000 0.10298642 0.07995046
0.10080000 0.10388370 0.08064615
0.10120000 0.10470353 0.08128180
0.10160000 0.10494600 0.08146979
0.10200000 0.10493288 0.08145962
0.10240000 0.10500794 0.08151782
0.10280000 0.10550205 0.08190092
0.10320000 0.10582447 0.08215090
0.10360000 0.10622473 0.08246124
0.10400000 0.10661601 0.08276461
0.10440000 0.10725877 0.08326297
0.10480000 0.10807562 0.08389630
0.10520000 0.10830379 0.08407321
0.10560000 0.10873564 0.08440805
0.10600000 0.10916508 0.08474100
0.10640000 0.10950229 0.08500246
0.10680000 0.10933522 0.08487292
0.10720000 0.10978107 0.08521861
0.10760000 0.11031602 0.08563337
0.10800000 0.10716743 0.08319215
0.10840000 0.10775691 0.08364920
0.10880000 0.10814053 0.08394663
0.10920000 0.10850750 0.08423116
0.10960000 0.10932709 0.08486661
0.11000000 0.10928408 0.08483327
0.11040000 0.10955222 0.08504117
0.11080000 0.11003310 0.08541401
0.11120000 0.11045884 0.08574410
0.11160000 0.11104397 0.08619777
0.11200000 0.11132694 0.08641717
0.11240000 0.11128363 0.08638359
0.11280000 0.11544110 0.08960703
0.11320000 0.11561064 0.08973848
0.11360000 0.11618346 0.09018261
0.11400000 0.11326591 0.08792052
0.11440000 0.11373734 0.08828604
0.11480000 0.11400395 0.08849275
0.11520000 0.11443678 0.08882834
0.11560000 0.11468087 0.08901760
0.11600000 0.11857035 0.09203325
0.11640000 0.11901020 0.09237429
0.11680000 0.11952820 0.09277591
0.11720000 0.11975838 0.09295437
0.11760000 0.11679605 0.09065757
0.11800000 0.11712408 0.09091190
0.11840000 0.11804581 0.09162655
0.11880000 0.11820371 0.09174899
0.11920000 0.11852181 0.09199562
0.11960000 0.11911023 0.09245184
0.12000000 0.11912839 0.09246592
0.12040000 0.11956169 0.09280188
0.12080000 0.11999635 0.09313889
0.12120000 0.12043574 0.09347956
0.12160000 0.12080390 0.09376501
0.12200000 0.12110525 0.09399865
0.12240000 0.12168092 0.09444499
0.12280000 0.12198054 0.09467730
0.12320000 0.12255619 0.09512362
0.12360000 0.12284628 0.09534854
0.12400000 0.12349249 0.09584957
0.12440000 0.12345544 0.09582084
0.12480000 0.12385369 0.09612962
0.12520000 0.12456595 0.09668186
0.12560000 0.12487993 0.09692530
0.12600000 0.12507204 0.09707425
0.12640000 0.12573171 0.09758572
0.12680000 0.12629052 0.09801898
0.12720000 0.12670129 0.09833747
0.12760000 0.12706687 0.09862092
0.12800000 0.12727744 0.09878418
0.12840000 0.12769147 0.09910519
0.12880000 0.12803717 0.09937322
0.12920000 0.12831354 0.09958751
0.12960000 0.12889770 0.10004042
0.13000000 0.12949390 0.10050268
0.13040000 0.12983345 0.10076595
0.13080000 0.13371858 0.10377823
0.13120000 0.13421490 0.10416305
0.13160000 0.13416079 0.10412110
0.13200000 0.13468442 0.10452708
0.13240000 0.13144334 0.10201416
0.13280000 0.13187196 0.10234648
0.13320000 0.13220605 0.10260551
0.13360000 0.13242903 0.10277839
0.13400000 0.13285257 0.10310678
0.13440000 0.13356860 0.10366195
0.13480000 0.13401975 0.10401174
0.13520000 0.13427095 0.10420651
0.13560000 0.13450313 0.10438652
0.13600000 0.13498539 0.10476044
0.13640000 0.13560115 0.10523785
0.13680000 0.13606035 0.10559389
0.13720000 0.13636866 0.10583294
0.13760000 0.13648343 0.10592192
0.13800000 0.13719709 0.10647524
0.13840000 0.13771917 0.10688003
0.13880000 0.13777453 0.10692296
0.13920000 0.13831689 0.10734347
0.13960000 0.13860155 0.10756417
0.14000000 0.13899738 0.10787107
0.14040000 0.13947635 0.10824244
0.14080000 0.13993643 0.10859916
0.14120000 0.14037977 0.10894289
0.14160000 0.14422061 0.11192084
0.14200000 0.14477117 0.11234771
0.14240000 0.14488030 0.11243232
0.14280000 0.14173099 0.10999054
0.14320000 0.14227146 0.11040959
0.14360000 0.14292304 0.11091479
0.14400000 0.14337089 0.11126202
0.14440000 0.14371503 0.11152884
0.14480000 0.14766840 0.11459404
0.14520000 0.14779630 0.11469320
0.14560000 0.14820274 0.11500833
0.14600000 0.14477581 0.11235130
0.14640000 0.14550483 0.11291654
0.14680000 0.14578681 0.11313517
0.14720000 0.14605219 0.11334093
0.14760000 0.15036199 0.11668247
0.14800000 0.15050353 0.11679221
0.14840000 0.15074400 0.11697866
0.14880000 0.15161416 0.11765333
0.14920000 0.14817094 0.11498367
0.14960000 0.14854991 0.11527750
0.15000000 0.14916212 0.11575217
0.15040000 0.14960200 0.11609323
0.15080000 0.14992834 0.11634625
0.15120000 0.15040890 0.11671885
0.15160000 0.15042185 0.11672889
0.15200000 0.15118082 0.11731734
0.15240000 0.15556551 0.12071696
0.15280000 0.15544511 0.12062360
0.15320000 0.15587647 0.12095806
0.15360000 0.15602519 0.12107336
0.15400000 0.15316321 0.11885437
0.15440000 0.15343857 0.11906786
0.15480000 0.15381261 0.11935787
0.15520000 0.15404720 0.11953975
0.15560000 0.15456103 0.11993814
0.15600000 0.15525443 0.12047577
0.15640000 0.15556994 0.12072039
0.15680000 0.15579308 0.12089340
0.15720000 0.15641488 0.12137550
0.15760000 0.15711509 0.12191840
0.15800000 0.15737152 0.12211722
0.15840000 0.15743343 0.12216522
0.15880000 0.15785957 0.12249562
0.15920000 0.15822438 0.12277847
0.15960000 0.15819102 0.12275261
0.16000000 0.15897540 0.12336077
0.16040000 0.15933574 0.12364015
0.16080000 0.15982269 0.12401770
0.16120000 0.16392983 0.12720212
0.16160000 0.16426890 0.12746501
0.16200000 0.16107571 0.12498922
0.16240000 0.16139267 0.12523497
0.16280000 0.16165053 0.12543490
0.16320000 0.16232073 0.12595452
0.16360000 0.16624661 0.12899840
0.16400000 0.16655195 0.12923515
0.16440000 0.16701944 0.12959761
0.16480000 0.16741043 0.12990076
0.16520000 0.16776127 0.13017278
0.16560000 0.16808172 0.13042123
0.16600000 0.16881600 0.13099055
0.16640000 0.16538106 0.12832731
0.16680000 0.16585969 0.12869841
0.16720000 0.16608399 0.12887232
0.16760000 0.16636410 0.12908950
0.16800000 0.16674423 0.12938422
0.16840000 0.16721346 0.12974804
0.16880000 0.16782469 0.13022195
0.16920000 0.16830388 0.13059348
0.16960000 0.16866910 0.13087665
0.17000000 0.16879230 0.13097217
0.17040000 0.16917659 0.13127012
0.17080000 0.16951393 0.13153168
0.17120000 0.17376075 0.13482439
0.17160000 0.17406195 0.13505792
0.17200000 0.17464302 0.13550845
0.17240000 0.17502544 0.13580495
0.17280000 0.17172203 0.13324370
0.17320000 0.17204404 0.13349336
0.17360000 0.17236644 0.13374333
0.17400000 0.17265749 0.13396899
0.17440000 0.17320355 0.13439237
0.17480000 0.17394123 0.13496432
0.17520000 0.17436390 0.13529204
0.17560000 0.17458703 0.13546503
0.17600000 0.17503328 0.13581103
0.17640000 0.17533224 0.13604282
0.17680000 0.17565568 0.13629360
0.17720000 0.17635384 0.13683491
0.17760000 0.17678821 0.13717169
0.17800000 0.17696582 0.13730940
0.17840000 0.17717417 0.13747094
0.17880000 0.18120915 0.14059941
0.17920000 0.18142697 0.14076829
0.17960000 0.18235187 0.14148540
0.18000000 0.18253904 0.14163052
0.18040000 0.18291602 0.14192281
0.18080000 0.17988680 0.13957414
0.18120000 0.18003215 0.13968684
0.18160000 0.18051666 0.14006249
0.18200000 0.18096677 0.14041148
0.18240000 0.18152992 0.14084811
0.18280000 0.18154842 0.14086245
0.18320000 0.18214760 0.14132703
0.18360000 0.18257027 0.14165473
0.18400000 0.18277440 0.14181300
0.18440000 0.18318236 0.14212931
0.18480000 0.18377919 0.14259205
0.18520000 0.18785576 0.14575277
0.18560000 0.18820927 0.14602686
0.18600000 0.18858631 0.14631919
0.18640000 0.18524923 0.14373183
0.18680000 0.18528401 0.14375880
0.18720000 0.18584302 0.14419222
0.18760000 0.18670443 0.14486010
0.18800000 0.18675171 0.14489676
0.18840000 0.19105314 0.14823182
0.18880000 0.19189659 0.14888577
0.18920000 0.19158837 0.14864680
0.18960000 0.19205244 0.14900661
0.19000000 0.18904710 0.14667646
0.19040000 0.18918709 0.14678499
0.19080000 0.18930624 0.14687738
0.19120000 0.18983206 0.14728507
0.19160000 0.19413117 0.15061833
0.19200000 0.19455008 0.15094312
0.19240000 0.19491581 0.15122668
0.19280000 0.19541208 0.15161146
0.19320000 0.19165057 0.14869503
0.19360000 0.19208443 0.14903141
0.19400000 0.19242994 0.14929930
0.19440000 0.19319407 0.14989176
0.19480000 0.19365811 0.15025154
0.19520000 0.19447960 0.15088847
0.19560000 0.19433961 0.15077993
0.19600000 0.19463222 0.15100681
0.19640000 0.19465448 0.15102407
0.19680000 0.19555222 0.15172011
0.19720000 0.19605721 0.15211165
0.19760000 0.19660265 0.15253455
0.19800000 0.19679981 0.15268742
0.19840000 0.19701935 0.15285764
0.19880000 0.19763625 0.15333594
0.19920000 0.19811026 0.15370346
0.19960000 0.19819597 0.15376991
0.20000000 0.20251015 0.15711485
0.20040000 0.20277914 0.15732341
0.20080000 0.19960251 0.15486046
0.20120000 0.19970762 0.15494195
0.20160000 0.20020853 0.15533033
0.20200000 0.20081259 0.15579867
0.20240000 0.20174607 0.15652243
0.20280000 0.20120468 0.15610267
0.20320000 0.20181880 0.15657882
0.20360000 0.20269193 0.15725579
0.20400000 0.20295695 0.15746127
0.20440000 0.20319550 0.15764623
0.20480000 0.20337606 0.15778622
0.20520000 0.20761323 0.16107146
0.20560000 0.20819330 0.16152121
0.20600000 0.20857424 0.16181657
0.20640000 0.20903124 0.16217089
0.20680000 0.20567525 0.15956888
0.20720000 0.20600951 0.15982804
0.20760000 0.20646723 0.16018292
0.20800000 0.20649413 0.16020378
0.20840000 0.21063192 0.16341196
0.20880000 0.21142984 0.16403061
0.20920000 0.21177967 0.16430185
0.20960000 0.20839319 0.16167619
0.21000000 0.20870548 0.16191832
0.21040000 0.20918028 0.16228645
0.21080000 0.20937520 0.16243758
0.21120000 0.20989116 0.16283762
0.21160000 0.21014099 0.16303133
0.21200000 0.21062207 0.16340432
0.21240000 0.21096033 0.16366659
0.21280000 0.21508095 0.16686146
0.21320000 0.21550570 0.16719078
0.21360000 0.21628675 0.16779635
0.21400000 0.21656431 0.16801156
0.21440000 0.21292607 0.16519070
0.21480000 0.21323686 0.16543166
0.21520000 0.21344045 0.16558951
0.21560000 0.21390106 0.16594664
0.21600000 0.21430377 0.16625888
0.21640000 0.21448996 0.16640324
0.21680000 0.21552306 0.16720424
0.21720000 0.21557662 0.16724577
0.21760000 0.21630214 0.16780829
0.21800000 0.21646156 0.16793189
0.21840000 0.21712006 0.16844245
0.21880000 0.21774982 0.16893073
0.21920000 0.21821184 0.16928895
0.21960000 0.21816357 0.16925152
0.22000000 0.21840801 0.16944105
0.22040000 0.21898203 0.16988611
0.22080000 0.21936842 0.17018569
0.22120000 0.21986162 0.17056809
0.22160000 0.22037592 0.17096684
0.22200000 0.22085402 0.17133752
0.22240000 0.22112760 0.17154964
0.22280000 0.22119742 0.17160378
0.22320000 0.22158983 0.17190803
0.22360000 0.22226457 0.17243118
0.22400000 0.22275414 0.17281076
0.22440000 0.22332975 0.17325705
0.22480000 0.22340262 0.17331355
0.22520000 0.22365302 0.17350770
0.22560000 0.22741772 0.17642661
0.22600000 0.22777076 0.17670033
0.22640000 0.22872430 0.17743965
0.22680000 0.22521509 0.17471882
0.22720000 0.22566721 0.17506937
0.22760000 0.22608152 0.17539060
0.22800000 0.22628504 0.17554840
0.22840000 0.22979389 0.17826893
0.22880000 0.23063658 0.17892230
0.22920000 0.23144531 0.17954934
0.22960000 0.23185079 0.17986372
0.23000000 0.23234040 0.18024334
0.23040000 0.23267889 0.18050579
0.23080000 0.23285586 0.18064300
0.23120000 0.23310137 0.18083335
0.23160000 0.22984815 0.17831100
0.23200000 0.23040819 0.17874523
0.23240000 0.23064342 0.17892761
0.23280000 0.23111528 0.17929346
0.23320000 0.23154433 0.17962612
0.23360000 0.23594225 0.18303599
0.23400000 0.23593734 0.18303218
0.23440000 0.23632735 0.18333457
0.23480000 0.23706623 0.18390745
0.23520000 0.23397846 0.18151338
0.23560000 0.23441888 0.18185486
0.23600000 0.23432411 0.18178138
0.23640000 0.23476768 0.18212530
0.23680000 0.23903909 0.18543708
0.23720000 0.23935314 0.18568058
0.23760000 0.24012939 0.18628243
0.23800000 0.24059640 0.18664452
0.23840000 0.23696461 0.18382866
0.23880000 0.23719897 0.18401037
0.23920000 0.23735648 0.18413249
0.23960000 0.23784724 0.18451299
0.24000000 0.23812772 0.18473046
0.24040000 0.23909944 0.18548387
0.24080000 0.23952507 0.18581388
0.24120000 0.24001366 0.18619270
0.24160000 0.24028380 0.18640215
0.24200000 0.24013122 0.18628385
0.24240000 0.24438584 0.18958261
0.24280000 0.24473391 0.18985248
0.24320000 0.24561275 0.19053388
0.24360000 0.24540030 0.19036916
0.24400000 0.24263137 0.18822230
0.24440000 0.24261968 0.18821324
0.24480000 0.24303910 0.18853843
0.24520000 0.24350044 0.18889613
0.24560000 0.24422557 0.18945835
0.24600000 0.24439706 0.18959131
0.24640000 0.24498391 0.19004631
0.24680000 0.24551629 0.19045909
0.24720000 0.24590926 0.19076377
0.24760000 0.24578387 0.19066656
0.24800000 0.24978118 0.19376581
0.24840000 0.25031298 0.19417814
0.24880000 0.25107459 0.19476865
0.24920000 0.24727701 0.19182424
0.24960000 0.24817140 0.19251769
0.25000000 0.24857604 0.19283143
0.25040000 0.24841098 0.19270345
0.25080000 0.24881075 0.19301341
0.25120000 0.24928523 0.19338128
0.25160000 0.24964339 0.19365898
0.25200000 0.25028541 0.19415676
0.25240000 0.25070405 0.19448135
0.25280000 0.25106683 0.19476263
0.25320000 0.25118377 0.19485330
0.25360000 0.25166374 0.19522543
0.25400000 0.25199597 0.19548303
0.25440000 0.25263488 0.19597839
0.25480000 0.25290824 0.19619034
0.25520000 0.25315654 0.19638286
0.25560000 0.25418927 0.19718357
0.25600000 0.25444316 0.19738042
0.25640000 0.25411075 0.19712269
0.25680000 0.25507184 0.19786786
0.25720000 0.25521524 0.19797904
0.25760000 0.25564145 0.19830950
0.25800000 0.25652820 0.19899702
0.25840000 0.25689653 0.19928261
0.25880000 0.25727485 0.19957593
0.25920000 0.25709254 0.19943458
0.25960000 0.25782353 0.20000134
0.26000000 0.25829950 0.20037038
0.26040000 0.25890509 0.20083992
0.26080000 0.25902976 0.20093658
0.26120000 0.25942838 0.20124564
0.26160000 0.25986695 0.20158568
0.26200000 0.26028058 0.20190638
0.26240000 0.26061373 0.20216469
0.26280000 0.26086781 0.20236169
0.26320000 0.26112236 0.20255905
0.26360000 0.26175865 0.20305239
0.26400000 0.26239226 0.20354365
0.26440000 0.26285730 0.20390421
0.26480000 0.26304177 0.20404723
0.26520000 0.26326000 0.20421644
0.26560000 0.26372450 0.20457658
0.26600000 0.26408540 0.20485640
0.26640000 0.26461508 0.20526708
0.26680000 0.26510734 0.20564875
0.26720000 0.26546366 0.20592502
0.26760000 0.26581260 0.20619556
0.26800000 0.26582751 0.20620712
0.26840000 0.26625958 0.20654213
0.26880000 0.27035477 0.20971727
0.26920000 0.27131479 0.21046161
0.26960000 0.27193225 0.21094035
0.27000000 0.27181590 0.21085014
0.27040000 0.27215761 0.21111508
0.27080000 0.27256577 0.21143154
0.27120000 0.26940448 0.20898048
0.27160000 0.26936744 0.20895176
0.27200000 0.26986746 0.20933944
0.27240000 0.27076543 0.21003567
0.27280000 0.27109452 0.21029083
0.27320000 0.27153225 0.21063021
0.27360000 0.27177948 0.21082190
0.27400000 0.27216456 0.21112047
0.27440000 0.27251112 0.21138917
0.27480000 0.27288623 0.21168001
0.27520000 0.27335705 0.21204505
0.27560000 0.27370730 0.21231661
0.27600000 0.27390739 0.21247175
0.27640000 0.27433603 0.21280409
0.27680000 0.27472138 0.21310286
0.27720000 0.27489280 0.21323578
0.27760000 0.27548245 0.21369295
0.27800000 0.27615661 0.21421565
0.27840000 0.27618774 0.21423979
0.27880000 0.27655217 0.21452235
0.27920000 0.27700332 0.21487214
0.27960000 0.27771507 0.21542398
0.28000000 0.27785108 0.21552944
0.28040000 0.27825888 0.21584562
0.28080000 0.27877565 0.21624629
0.28120000 0.27920555 0.21657960
0.28160000 0.27938785 0.21672095
0.28200000 0.27969953 0.21696261
0.28240000 0.28013034 0.21729663
0.28280000 0.28069970 0.21773807
0.28320000 0.28127195 0.21818176
0.28360000 0.28158155 0.21842181
0.28400000 0.28206197 0.21879429
0.28440000 0.28603413 0.22187405
0.28480000 0.28632129 0.22209670
0.28520000 0.28676088 0.22243753
0.28560000 0.28350632 0.21991415
0.28600000 0.28404818 0.22033428
0.28640000 0.28449260 0.22067885
0.28680000 0.28477278 0.22089608
0.28720000 0.28887550 0.22407707
0.28760000 0.28908994 0.22424334
0.28800000 0.28943461 0.22451057
0.28840000 0.28618795 0.22199331
0.28880000 0.28700755 0.22262878
0.28920000 0.28715301 0.22274156
0.28960000 0.28736980 0.22290965
0.29000000 0.29184281 0.22637774
0.29040000 0.29176561 0.22631788
0.29080000 0.28898024 0.22415828
0.29120000 0.28898504 0.22416200
0.29160000 0.28930595 0.22441082
0.29200000 0.29002353 0.22496718
0.29240000 0.29039050 0.22525171
0.29280000 0.29070859 0.22549834
0.29320000 0.29141346 0.22604484
0.29360000 0.29152901 0.22613444
0.29400000 0.29183775 0.22637381
0.29440000 0.29231117 0.22674088
0.29480000 0.29286548 0.22717065
0.29520000 0.29296187 0.22724538
0.29560000 0.29309430 0.22734806
0.29600000 0.29381346 0.22790565
0.29640000 0.29398724 0.22804039
0.29680000 0.29463990 0.22854643
0.29720000 0.29542114 0.22915214
0.29760000 0.29549103 0.22920633
0.29800000 0.29539333 0.22913059
0.29840000 0.29611576 0.22969071
0.29880000 0.29651106 0.22999720
0.29920000 0.29695383 0.23034050
0.29960000 0.29724965 0.23056985
0.30000000 0.29777748 0.23097911
0.30040000 0.29795143 0.23111398
0.30080000 0.29885495 0.23181450
0.30120000 0.29900268 0.23192905
0.30160000 0.29943962 0.23226782
0.30200000 0.29978599 0.23253637
0.30240000 0.30011613 0.23279235
0.30280000 0.30045308 0.23305360
0.30320000 0.30093857 0.23343001
0.30360000 0.30127147 0.23368812
0.30400000 0.30162856 0.23396499
0.30440000 0.30215856 0.23437592
0.30480000 0.30220113 0.23440892
0.30520000 0.30288117 0.23493618
0.30560000 0.30330005 0.23526096
0.30600000 0.30376642 0.23562255
0.30640000 0.30412613 0.23590144
0.30680000 0.30432635 0.23605669
0.30720000 0.30545330 0.23693045
0.30760000 0.30545806 0.23693414
0.30800000 0.30954308 0.24010141
0.30840000 0.31053779 0.24087264
0.30880000 0.31022945 0.24063357
0.30920000 0.30682003 0.23799013
0.30960000 0.30714245 0.23824011
0.31000000 0.30733408 0.23838868
0.31040000 0.30786486 0.23880022
0.31080000 0.30822393 0.23907862
0.31120000 0.30874211 0.23948038
0.31160000 0.30895400 0.23964467
0.31200000 0.30921496 0.23984700
0.31240000 0.31006659 0.24050730
0.31280000 0.31070544 0.24100262
0.31320000 0.31092984 0.24117661
0.31360000 0.31103133 0.24125530
0.31400000 0.31132123 0.24148007
0.31440000 0.31184040 0.24188260
0.31480000 0.31230050 0.24223933
0.31520000 0.31289482 0.24270013
0.31560000 0.31354369 0.24320322
0.31600000 0.31393310 0.24350515
0.31640000 0.31419330 0.24370689
0.31680000 0.31404645 0.24359303
0.31720000 0.31429672 0.24378708
0.31760000 0.31495459 0.24429714
0.31800000 0.31589971 0.24502993
0.31840000 0.31614717 0.24522179
0.31880000 0.31647266 0.24547416
0.31920000 0.31689980 0.24580534
0.31960000 0.31735326 0.24615693
0.32000000 0.31753191 0.24629544
0.32040000 0.31776675 0.24647752
0.32080000 0.31803850 0.24668821
0.32120000 0.31862536 0.24714323
0.32160000 0.31963806 0.24792841
0.32200000 0.31983256 0.24807922
0.32240000 0.31999019 0.24820143
0.32280000 0.32018281 0.24835078
0.32320000 0.32047225 0.24857519
0.32360000 0.32137560 0.24927559
0.32400000 0.32168907 0.24951863
0.32440000 0.32195801 0.24972715
0.32480000 0.32245461 0.25011218
0.32520000 0.32307015 0.25058944
0.32560000 0.32312471 0.25063174
0.32600000 0.32705961 0.25368261
0.32640000 0.32758912 0.25409316
0.32680000 0.32834158 0.25467657
0.32720000 0.32495731 0.25205262
0.32760000 0.32512332 0.25218133
0.32800000 0.32602281 0.25287874
0.32840000 0.32551207 0.25248275
0.32880000 0.32603952 0.25289170
0.32920000 0.32665669 0.25337021
0.32960000 0.32749651 0.25402136
0.33000000 0.32779088 0.25424959
0.33040000 0.32783135 0.25428097
0.33080000 0.32397462 0.25129071
0.33120000 0.32891202 0.25511885
0.33160000 0.32904706 0.25522356
0.33200000 0.32923175 0.25536675
0.33240000 0.32974752 0.25576665
0.33280000 0.33054975 0.25638865
0.33320000 0.32644343 0.25320487
0.33360000 0.32637300 0.25315026
0.33400000 0.32732144 0.25388562
0.33440000 0.33187957 0.25741970
0.33480000 0.33223319 0.25769388
0.33520000 0.33244106 0.25785504
0.33560000 0.33282253 0.25815081
0.33600000 0.33331577 0.25853324
0.33640000 0.32995140 0.25592472
0.33680000 0.33026043 0.25616433
0.33720000 0.33475831 0.25965169
0.33760000 0.33530472 0.26007535
0.33800000 0.33550096 0.26022750
0.33840000 0.33552742 0.26024801
0.33880000 0.33593932 0.26056738
0.33920000 0.33681907 0.26124948
0.33960000 0.33243994 0.25785418
0.34000000 0.33253999 0.25793175
0.34040000 0.33789984 0.26208744
0.34080000 0.33811441 0.26225380
0.34120000 0.33854668 0.26258895
0.34160000 0.33921338 0.26310587
0.34200000 0.33952102 0.26334440
0.34240000 0.33960830 0.26341207
0.34280000 0.33973719 0.26351201
0.34320000 0.34014423 0.26382760
0.34360000 0.34046809 0.26407870
0.34400000 0.34127731 0.26470612
0.34440000 0.34193465 0.26521577
0.34480000 0.34230998 0.26550678
0.34520000 0.34286851 0.26593983
0.34560000 0.34291754 0.26597785
0.34600000 0.34292338 0.26598237
0.34640000 0.34337505 0.26633257
0.34680000 0.34418077 0.26695728
0.34720000 0.34462657 0.26730292
0.34760000 0.34519275 0.26774190
0.34800000 0.34553663 0.26800852
0.34840000 0.34583776 0.26824200
0.34880000 0.34616790 0.26849797
0.34920000 0.34618343 0.26851001
0.34960000 0.34649864 0.26875440
0.35000000 0.34686271 0.26903668
0.35040000 0.34791975 0.26985624
0.35080000 0.34343683 0.26638047
0.35120000 0.34420326 0.26697471
0.35160000 0.34463523 0.26730963
0.35200000 0.34601243 0.26837742
0.35240000 0.34987295 0.27137063
0.35280000 0.35003887 0.27149927
0.35320000 0.35025976 0.27167054
0.35360000 0.35053628 0.27188493
0.35400000 0.35114011 0.27235310
0.35440000 0.35133192 0.27250182
0.35480000 0.35162971 0.27273271
0.35520000 0.35247231 0.27338601
0.35560000 0.35310731 0.27387835
0.35600000 0.35340984 0.27411291
0.35640000 0.34945377 0.27104562
0.35680000 0.34956930 0.27113519
0.35720000 0.34952297 0.27109928
0.35760000 0.34937124 0.27098164
0.35800000 0.34973452 0.27126330
0.35840000 0.35602896 0.27614361
0.35880000 0.35579061 0.27595881
0.35920000 0.35669071 0.27665669
0.35960000 0.35701689 0.27690958
0.36000000 0.35733827 0.27715876
0.36040000 0.35338288 0.27409201
0.36080000 0.35268943 0.27355435
0.36120000 0.35289824 0.27371625
0.36160000 0.35364577 0.27429583
0.36200000 0.35402069 0.27458652
0.36240000 0.35540659 0.27566106
0.36280000 0.35982087 0.27908362
0.36320000 0.36002779 0.27924405
0.36360000 0.36039943 0.27953219
0.36400000 0.36081247 0.27985244
0.36440000 0.36125392 0.28019472
0.36480000 0.35866316 0.27818600
0.36520000 0.35825565 0.27787004
0.36560000 0.35806778 0.27772438
0.36600000 0.35874505 0.27824950
0.36640000 0.36375690 0.28213537
0.36680000 0.36387949 0.28223041
0.36720000 0.36439702 0.28263167
0.36760000 0.36492712 0.28304268
0.36800000 0.36531467 0.28334316
0.36840000 0.36522501 0.28327364
0.36880000 0.36176498 0.28059096
0.36920000 0.36100158 0.27999907
0.36960000 0.36165057 0.28050225
0.37000000 0.36193273 0.28072102
0.37040000 0.36212536 0.28087037
0.37080000 0.36221502 0.28093989
0.37120000 0.36287990 0.28145539
0.37160000 0.36436549 0.28260722
0.37200000 0.36890808 0.28612926
0.37240000 0.36895112 0.28616263
0.37280000 0.36985219 0.28686126
0.37320000 0.37016529 0.28710403
0.37360000 0.37103064 0.28777496
0.37400000 0.37160722 0.28822201
0.37440000 0.37178516 0.28835997
0.37480000 0.37119352 0.28790125
0.37520000 0.37215557 0.28864716
0.37560000 0.37239878 0.28883573
0.37600000 0.37228484 0.28874739
0.37640000 0.37343873 0.28964204
0.37680000 0.37412076 0.29017084
0.37720000 0.37460993 0.29055012
0.37760000 0.37502618 0.29087285
0.37800000 0.37457637 0.29052410
0.37840000 0.37465103 0.29058198
0.37880000 0.37508581 0.29091908
0.37920000 0.37565693 0.29136189
0.37960000 0.37622543 0.29180267
0.38000000 0.37730331 0.29263839
0.38040000 0.37777294 0.29300252
0.38080000 0.37804231 0.29321136
0.38120000 0.37835897 0.29345689
0.38160000 0.37800611 0.29318330
0.38200000 0.37833835 0.29344090
0.38240000 0.37875979 0.29376765
0.38280000 0.37978953 0.29456605
0.38320000 0.38065284 0.29523541
0.38360000 0.38081279 0.29535942
0.38400000 0.38125148 0.29569956
0.38440000 0.38170881 0.29605414
0.38480000 0.38196741 0.29625464
0.38520000 0.37655625 0.29205917
0.38560000 0.37675538 0.29221356
0.38600000 0.37723901 0.29258854
0.38640000 0.37836255 0.29345966
0.38680000 0.37814055 0.29328754
0.38720000 0.38389621 0.29775011
0.38760000 0.38415933 0.29795411
0.38800000 0.38446818 0.29819358
0.38840000 0.38467051 0.29835045
0.38880000 0.38005487 0.29477178
0.38920000 0.38047682 0.29509893
0.38960000 0.38075338 0.29531336
0.39000000 0.38169254 0.29604152
0.39040000 0.38302220 0.29707246
0.39080000 0.38776637 0.30075078
0.39120000 0.38816074 0.30105655
0.39160000 0.38814754 0.30104632
0.39200000 0.38840610 0.30124679
0.39240000 0.38932513 0.30195935
0.39280000 0.38929884 0.30193897
0.39320000 0.38982745 0.30234881
0.39360000 0.39097862 0.30324136
0.39400000 0.39106966 0.30331195
0.39440000 0.39064214 0.30298048
0.39480000 0.39116486 0.30338576
0.39520000 0.39106594 0.30330906
0.39560000 0.38878104 0.30153749
0.39600000 0.38802347 0.30095012
0.39640000 0.38810060 0.30100993
0.39680000 0.38830624 0.30116937
0.39720000 0.38828797 0.30115520
0.39760000 0.38883709 0.30158096
0.39800000 0.38934644 0.30197587
0.39840000 0.38979825 0.30232617
0.39880000 0.39037052 0.30276988
0.39920000 0.39083251 0.30312808
0.39960000 0.39092754 0.30320175
0.40000000 0.39666722 0.30765194
0.40040000 0.39669328 0.30767215
0.40080000 0.39716400 0.30803711
0.40120000 0.39760898 0.30838212
0.40160000 0.39854009 0.30910404
0.40200000 0.39883709 0.30933432
0.40240000 0.39918323 0.30960270
0.40280000 0.39962424 0.30994463
0.40320000 0.40006051 0.31028288
0.40360000 0.40004977 0.31027456
0.40400000 0.40011236 0.31032308
0.40440000 0.40053603 0.31065157
0.40480000 0.40121638 0.31117907
0.40520000 0.39533966 0.30662264
0.40560000 0.39615760 0.30725681
0.40600000 0.39710465 0.30799110
0.40640000 0.39753667 0.30832606
0.40680000 0.40355444 0.31299186
0.40720000 0.40389029 0.31325225
0.40760000 0.40367843 0.31308799
0.40800000 0.40415306 0.31345598
0.40840000 0.40452218 0.31374217
0.40880000 0.40504414 0.31414687
0.40920000 0.40056684 0.31067546
0.40960000 0.40116038 0.31113566
0.41000000 0.40121637 0.31117907
0.41040000 0.40066372 0.31075057
0.41080000 0.40123088 0.31119031
0.41120000 0.40197992 0.31177107
0.41160000 0.40257624 0.31223342
0.41200000 0.40311717 0.31265282
0.41240000 0.40338105 0.31285742
0.41280000 0.40344023 0.31290330
0.41320000 0.40345547 0.31291512
0.41360000 0.40388233 0.31324608
0.41400000 0.40468039 0.31386485
0.41440000 0.41082010 0.31862519
0.41480000 0.41108069 0.31882723
0.41520000 0.41151988 0.31916775
0.41560000 0.41187966 0.31944670
0.41600000 0.41201428 0.31955108
0.41640000 0.40690732 0.31559146
0.41680000 0.40710118 0.31574178
0.41720000 0.40835937 0.31671729
0.41760000 0.40433326 0.31359570
0.41800000 0.40798725 0.31642877
0.41840000 0.40809119 0.31650936
0.41880000 0.41575023 0.32244770
0.41920000 0.41623903 0.32282669
0.41960000 0.41556177 0.32230158
0.42000000 0.41561978 0.32234655
0.42040000 0.41619497 0.32279252
0.42080000 0.41160508 0.31923381
0.42120000 0.40608604 0.31495470
0.42160000 0.40632098 0.31513685
0.42200000 0.40679848 0.31550708
0.42200000 0.41157964 0.31921409
0.42160000 0.40880706 0.31706441
0.42120000 0.40840090 0.31674949
0.42080000 0.40831472 0.31668267
0.42040000 0.41009660 0.31806423
0.42000000 0.40982042 0.31785010
0.41960000 0.40949574 0.31759836
0.41920000 0.40902620 0.31723431
0.41880000 0.40833902 0.31670151
0.41840000 0.40543869 0.31445278
0.41800000 0.40479466 0.31395344
0.41760000 0.40459545 0.31379899
0.41720000 0.40712296 0.31575866
0.41680000 0.40620960 0.31505050
0.41640000 0.40582435 0.31475180
0.41600000 0.40559802 0.31457631
0.41560000 0.40531178 0.31435439
0.41520000 0.40298647 0.31255149
0.41480000 0.40253127 0.31219855
0.41440000 0.40204534 0.31182180
0.41400000 0.40347996 0.31293410
0.41360000 0.39973978 0.31003421
0.41320000 0.40299079 0.31255483
0.41280000 0.40210095 0.31186491
0.41240000 0.40004040 0.31026729
0.41200000 0.39938840 0.30976177
0.41160000 0.39914136 0.30957024
0.41120000 0.39771749 0.30846625
0.41080000 0.39703186 0.30793466
0.41040000 0.40013221 0.31033847
0.41000000 0.39953040 0.30987187
0.40960000 0.39745918 0.30826597
0.40920000 0.39682188 0.30777185
0.40880000 0.39653693 0.30755092
0.40840000 0.39621717 0.30730300
0.40800000 0.39764832 0.30841263
0.40760000 0.39719532 0.30806140
0.40720000 0.39665449 0.30764207
0.40680000 0.39636986 0.30742139
0.40640000 0.39579879 0.30697861
0.40600000 0.39356757 0.30524867
0.40560000 0.39305838 0.30485387
0.40520000 0.39263658 0.30452684
0.40480000 0.39425999 0.30578553
0.40440000 0.39396460 0.30555650
0.40400000 0.39375224 0.30539185
0.40360000 0.39321862 0.30497811
0.40320000 0.39097374 0.30323758
0.40280000 0.39039952 0.30279237
0.40240000 0.38984294 0.30236082
0.40200000 0.39189386 0.30395098
0.40160000 0.39108021 0.30332012
0.40120000 0.39066049 0.30299470
0.40080000 0.39024298 0.30267099
0.40040000 0.38993138 0.30242940
0.40000000 0.38937886 0.30200101
0.39960000 0.38903594 0.30173513
0.39920000 0.38877148 0.30153008
0.39880000 0.38816654 0.30106105
0.39840000 0.38765656 0.30066564
0.39800000 0.38753974 0.30057507
0.39760000 0.38728969 0.30038120
0.39720000 0.38678451 0.29998951
0.39680000 0.38648643 0.29975840
0.39640000 0.38598813 0.29937205
0.39600000 0.38549835 0.29899230
0.39560000 0.38318616 0.29719958
0.39520000 0.38248535 0.29665622
0.39480000 0.38189644 0.29619961
0.39440000 0.38200345 0.29628258
0.39400000 0.38336280 0.29733654
0.39360000 0.38315018 0.29717168
0.39320000 0.38280410 0.29690335
0.39280000 0.38214406 0.29639161
0.39240000 0.38190652 0.29620743
0.39200000 0.37924930 0.29414719
0.39160000 0.37928168 0.29417229
0.39120000 0.37893859 0.29390628
0.39080000 0.38021007 0.29489211
0.39040000 0.37987430 0.29463178
0.39000000 0.37942876 0.29428633
0.38960000 0.37919139 0.29410229
0.38920000 0.37716102 0.29252807
0.38880000 0.37651889 0.29203020
0.38840000 0.37565370 0.29135939
0.38800000 0.37570894 0.29140222
0.38760000 0.37739626 0.29271046
0.38720000 0.37682296 0.29226596
0.38680000 0.37664957 0.29213152
0.38640000 0.37635682 0.29190454
0.38600000 0.37570016 0.29139541
0.38560000 0.37490993 0.29078271
0.38520000 0.37482419 0.29071624
0.38480000 0.37432995 0.29033304
0.38440000 0.37381703 0.28993535
0.38400000 0.37361053 0.28977525
0.38360000 0.37328282 0.28952116
0.38320000 0.37274855 0.28910692
0.38280000 0.37226919 0.28873526
0.38240000 0.37225268 0.28872245
0.38200000 0.37187032 0.28842599
0.38160000 0.37133110 0.28800792
0.38120000 0.37095721 0.28771803
0.38080000 0.37044188 0.28731847
0.38040000 0.36980828 0.28682722
0.38000000 0.36944910 0.28654874
0.37960000 0.36907849 0.28626139
0.37920000 0.36915680 0.28632211
0.37880000 0.36847530 0.28579371
0.37840000 0.36806790 0.28547784
0.37800000 0.36784250 0.28530308
0.37760000 0.36728112 0.28486782
0.37720000 0.36669893 0.28441643
0.37680000 0.36629813 0.28410567
0.37640000 0.36610170 0.28395337
0.37600000 0.36586508 0.28376991
0.37560000 0.36520441 0.28325767
0.37520000 0.36453774 0.28274078
0.37480000 0.36444933 0.28267223
0.37440000 0.36398888 0.28231523
0.37400000 0.36370169 0.28209256
0.37360000 0.36323650 0.28173188
0.37320000 0.36303264 0.28157382
0.37280000 0.36277100 0.28137096
0.37240000 0.36200473 0.28077684
0.37200000 0.36195960 0.28074185
0.37160000 0.36130356 0.28023320
0.37120000 0.36077229 0.27982129
0.37080000 0.35846262 0.27803051
0.37040000 0.35792694 0.27761519
0.37000000 0.35977231 0.27904596
0.36960000 0.35915785 0.27856955
0.36920000 0.35889536 0.27836603
0.36880000 0.35863311 0.27816270
0.36840000 0.35766450 0.27741170
0.36800000 0.35740375 0.27720953
0.36760000 0.35715924 0.27701996
0.36720000 0.35661522 0.27659816
0.36680000 0.35660305 0.27658872
0.36640000 0.35624319 0.27630971
0.36600000 0.35562696 0.27583192
0.36560000 0.35513193 0.27544811
0.36520000 0.35487598 0.27524966
0.36480000 0.35447018 0.27493503
0.36440000 0.35385512 0.27445815
0.36400000 0.35373542 0.27436534
0.36360000 0.35339090 0.27409822
0.36320000 0.35286741 0.27369234
0.36280000 0.35241470 0.27334134
0.36240000 0.35174901 0.27282521
0.36200000 0.35152775 0.27265366
0.36160000 0.35122507 0.27241898
0.36120000 0.35094625 0.27220279
0.36080000 0.35136974 0.27253114
0.36040000 0.35099176 0.27223809
0.36000000 0.35046210 0.27182742
0.35960000 0.34982058 0.27133003
0.35920000 0.34950431 0.27108481
0.35880000 0.34928483 0.27091464
0.35840000 0.34894569 0.27065169
0.35800000 0.34851553 0.27031817
0.35760000 0.34829148 0.27014446
0.35720000 0.34766097 0.26965560
0.35680000 0.34734037 0.26940702
0.35640000 0.34648320 0.26874243
0.35600000 0.34636825 0.26865331
0.35560000 0.34629740 0.26859838
0.35520000 0.34552121 0.26799656
0.35480000 0.34507325 0.26764925
0.35440000 0.34497481 0.26757292
0.35400000 0.34463008 0.26730564
0.35360000 0.34406143 0.26686475
0.35320000 0.34358189 0.26649294
0.35280000 0.34317297 0.26617589
0.35240000 0.34268111 0.26579454
0.35200000 0.34242811 0.26559837
0.35160000 0.34212442 0.26536291
0.35120000 0.34216911 0.26539756
0.35080000 0.34123579 0.26467393
0.35040000 0.34069060 0.26425122
0.35000000 0.34031193 0.26395762
0.34960000 0.33996139 0.26368583
0.34920000 0.33965125 0.26344537
0.34880000 0.33934614 0.26320881
0.34840000 0.33878698 0.26277527
0.34800000 0.33859430 0.26262588
0.34760000 0.33815415 0.26228461
0.34720000 0.33769597 0.26192937
0.34680000 0.33747669 0.26175935
0.34640000 0.33656306 0.26105099
0.34600000 0.33632466 0.26086614
0.34560000 0.33600526 0.26061850
0.34520000 0.33580752 0.26046519
0.34480000 0.33535003 0.26011048
0.34440000 0.33501361 0.25984964
0.34400000 0.33450722 0.25945702
0.34360000 0.33403849 0.25909359
0.34320000 0.33334519 0.25855605
0.34280000 0.33325029 0.25848247
0.34240000 0.33311406 0.25837685
0.34200000 0.33286307 0.25818224
0.34160000 0.33203423 0.25753962
0.34120000 0.33147416 0.25710537
0.34080000 0.33127478 0.25695079
0.34040000 0.33103343 0.25676366
0.34000000 0.33066464 0.25647773
0.33960000 0.33023414 0.25614394
0.33920000 0.32978162 0.25579309
0.33880000 0.32940064 0.25549770
0.33840000 0.32925842 0.25538743
0.33800000 0.32858555 0.25486573
0.33760000 0.32814241 0.25452214
0.33720000 0.32776493 0.25422947
0.33680000 0.32753436 0.25405071
0.33640000 0.32696368 0.25360823
0.33600000 0.32687912 0.25354267
0.33560000 0.32641458 0.25318250
0.33520000 0.32558144 0.25253653
0.33480000 0.32488003 0.25199270
0.33440000 0.32484186 0.25196311
0.33400000 0.32460922 0.25178273
0.33360000 0.32394531 0.25126798
0.33320000 0.32367447 0.25105799
0.33280000 0.32310005 0.25061262
0.33240000 0.32287806 0.25044051
0.33200000 0.32266147 0.25027257
0.33160000 0.32211026 0.24984520
0.33120000 0.32182038 0.24962044
0.33080000 0.32138584 0.24928353
0.33040000 0.32084968 0.24886783
0.33000000 0.32052304 0.24861457
0.32960000 0.31995355 0.24817302
0.32920000 0.31960864 0.24790560
0.32880000 0.31960064 0.24789939
0.32840000 0.31898584 0.24742272
0.32800000 0.31854720 0.24708262
0.32760000 0.31802489 0.24667766
0.32720000 0.31772367 0.24644411
0.32680000 0.31722709 0.24605910
0.32640000 0.31671216 0.24565985
0.32600000 0.31622527 0.24528235
0.32560000 0.31630013 0.24534039
0.32520000 0.31397493 0.24353758
0.32480000 0.31515361 0.24445145
0.32440000 0.31477995 0.24416174
0.32400000 0.31422876 0.24373438
0.32360000 0.31405672 0.24360099
0.32320000 0.31345264 0.24313263
0.32280000 0.31343005 0.24311511
0.32240000 0.31326239 0.24298512
0.32200000 0.31218011 0.24214599
0.32160000 0.31197490 0.24198688
0.32120000 0.31204654 0.24204243
0.32080000 0.31140107 0.24154197
0.32040000 0.31097030 0.24120798
0.32000000 0.31052265 0.24086090
0.31960000 0.31004587 0.24049124
0.31920000 0.30979003 0.24029287
0.31880000 0.30939111 0.23998358
0.31840000 0.30893207 0.23962766
0.31800000 0.30856444 0.23934263
0.31760000 0.30826322 0.23910908
0.31720000 0.30783788 0.23877930
0.31680000 0.30736454 0.23841230
0.31640000 0.30692944 0.23807496
0.31600000 0.30650149 0.23774315
0.31560000 0.30613118 0.23745603
0.31520000 0.30582968 0.23722227
0.31480000 0.30553992 0.23699761
0.31440000 0.30511479 0.23666799
0.31400000 0.30458713 0.23625888
0.31360000 0.30408185 0.23586711
0.31320000 0.30717313 0.23826389
0.31280000 0.30688464 0.23804022
0.31240000 0.30286895 0.23492670
0.31200000 0.30251499 0.23465227
0.31160000 0.30223384 0.23443429
0.31120000 0.30171180 0.23402952
0.31080000 0.30149536 0.23386171
0.31040000 0.30108452 0.23354317
0.31000000 0.30073887 0.23327518
0.30960000 0.30021802 0.23287135
0.30920000 0.29961521 0.23240396
0.30880000 0.29937136 0.23221490
0.30840000 0.29895546 0.23189244
0.30800000 0.29846887 0.23151517
0.30760000 0.29828681 0.23137401
0.30720000 0.29805118 0.23119131
0.30680000 0.29744031 0.23071768
0.30640000 0.29678963 0.23021319
0.30600000 0.29626790 0.22980867
0.30560000 0.29614045 0.22970986
0.30520000 0.29573961 0.22939907
0.30480000 0.29534893 0.22909616
0.30440000 0.29529080 0.22905109
0.30400000 0.29480918 0.22867767
0.30360000 0.29390650 0.22797779
0.30320000 0.29387541 0.22795369
0.30280000 0.29326697 0.22748194
0.30240000 0.29280939 0.22712716
0.30200000 0.29236786 0.22678483
0.30160000 0.29212732 0.22659833
0.30120000 0.29192008 0.22643765
0.30080000 0.29172708 0.22628800
0.30040000 0.29126137 0.22592693
0.30000000 0.29056435 0.22538650
0.29960000 0.29000278 0.22495109
0.29920000 0.28955920 0.22460717
0.29880000 0.28913906 0.22428142
0.29840000 0.28929633 0.22440335
0.29800000 0.28891677 0.22410907
0.29760000 0.28841943 0.22372346
0.29720000 0.28761181 0.22309729
0.29680000 0.28727403 0.22283539
0.29640000 0.28700627 0.22262779
0.29600000 0.28687183 0.22252356
0.29560000 0.28652938 0.22225804
0.29520000 0.28587472 0.22175046
0.29480000 0.28577893 0.22167619
0.29440000 0.28485962 0.22096342
0.29400000 0.28426635 0.22050343
0.29360000 0.28405051 0.22033608
0.29320000 0.28393964 0.22025012
0.29280000 0.28353570 0.21993693
0.29240000 0.28327566 0.21973531
0.29200000 0.28281289 0.21937651
0.29160000 0.28203806 0.21877575
0.29120000 0.28169500 0.21850976
0.29080000 0.28133139 0.21822785
0.29040000 0.28103197 0.21799570
0.29000000 0.28069088 0.21773123
0.28960000 0.28013461 0.21729994
0.28920000 0.27984320 0.21707400
0.28880000 0.28311818 0.21961321
0.28840000 0.28267349 0.21926842
0.28800000 0.27871196 0.21619691
0.28760000 0.27821994 0.21581543
0.28720000 0.27774785 0.21544940
0.28680000 0.27747649 0.21523900
0.28640000 0.27726553 0.21507544
0.28600000 0.27693872 0.21482205
0.28560000 0.27633063 0.21435058
0.28520000 0.27571868 0.21387611
0.28480000 0.27524160 0.21350621
0.28440000 0.27495120 0.21328105
0.28400000 0.27464467 0.21304339
0.28360000 0.27467686 0.21306835
0.28320000 0.27413770 0.21265032
0.28280000 0.27346688 0.21213021
0.28240000 0.27246133 0.21135057
0.28200000 0.27252289 0.21139830
0.28160000 0.27241838 0.21131727
0.28120000 0.27197393 0.21097266
0.28080000 0.27170984 0.21076790
0.28040000 0.27114481 0.21032982
0.28000000 0.27064967 0.20994592
0.27960000 0.27010321 0.20952223
0.27920000 0.26995765 0.20940937
0.27880000 0.26944519 0.20901204
0.27840000 0.26897360 0.20864640
0.27800000 0.26877513 0.20849252
0.27760000 0.26818768 0.20803705
0.27720000 0.26771151 0.20766786
0.27680000 0.26725274 0.20731215
0.27640000 0.26680821 0.20696749
0.27600000 0.26662720 0.20682715
0.27560000 0.26641291 0.20666101
0.27520000 0.26587761 0.20624596
0.27480000 0.26570677 0.20611350
0.27440000 0.26531259 0.20580789
0.27400000 0.26494324 0.20552151
0.27360000 0.26435419 0.20506480
0.27320000 0.26396101 0.20475995
0.27280000 0.26365351 0.20452154
0.27240000 0.26315983 0.20413877
0.27200000 0.26292485 0.20395658
0.27160000 0.26242696 0.20357055
0.27120000 0.26186652 0.20313602
0.27080000 0.26151122 0.20286054
0.27040000 0.26105621 0.20250776
0.27000000 0.26059552 0.20215057
0.26960000 0.26032206 0.20193854
0.26920000 0.26023323 0.20186967
0.26880000 0.25958258 0.20136520
0.26840000 0.25928195 0.20113211
0.26800000 0.25860458 0.20060692
0.26760000 0.25809434 0.20021131
0.26720000 0.25773041 0.19992914
0.26680000 0.25758435 0.19981590
0.26640000 0.25732116 0.19961183
0.26600000 0.25692818 0.19930715
0.26560000 0.25639577 0.19889435
0.26520000 0.25990138 0.20161238
0.26480000 0.25930464 0.20114971
0.26440000 0.25850394 0.20052889
0.26400000 0.25445434 0.19738909
0.26360000 0.25393305 0.19698491
0.26320000 0.25408503 0.19710275
0.26280000 0.25339229 0.19656564
0.26240000 0.25292969 0.19620697
0.26200000 0.25262101 0.19596764
0.26160000 0.25224118 0.19567314
0.26120000 0.25200179 0.19548753
0.26080000 0.25120648 0.19487090
0.26040000 0.25504768 0.19784912
0.26000000 0.25487886 0.19771823
0.25960000 0.25423119 0.19721607
0.25920000 0.24999747 0.19393351
0.25880000 0.24979717 0.19377821
0.25840000 0.24906869 0.19321339
0.25800000 0.24857299 0.19282906
0.25760000 0.24829000 0.19260965
0.25720000 0.24790557 0.19231159
0.25680000 0.24754005 0.19202818
0.25640000 0.24731119 0.19185074
0.25600000 0.24693581 0.19155969
0.25560000 0.24635678 0.19111075
0.25520000 0.24586880 0.19073240
0.25480000 0.24534215 0.19032407
0.25440000 0.24519162 0.19020736
0.25400000 0.24501235 0.19006837
0.25360000 0.24437923 0.18957749
0.25320000 0.24403770 0.18931268
0.25280000 0.24378275 0.18911502
0.25240000 0.24330993 0.18874842
0.25200000 0.24275484 0.18831803
0.25160000 0.24268286 0.18826222
0.25120000 0.24219955 0.18788750
0.25080000 0.24181174 0.18758681
0.25040000 0.24130141 0.18719114
0.25000000 0.24069703 0.18672254
0.24960000 0.24029195 0.18640847
0.24920000 0.23929300 0.18563395
0.24880000 0.23909017 0.18547668
0.24840000 0.23930370 0.18564224
0.24800000 0.23910487 0.18548808
0.24760000 0.23868892 0.18516558
0.24720000 0.23778505 0.18446478
0.24680000 0.23743611 0.18419423
0.24640000 0.23709087 0.18392655
0.24600000 0.23672302 0.18364135
0.24560000 0.23624366 0.18326968
0.24520000 0.23632665 0.18333402
0.24480000 0.23580630 0.18293058
0.24440000 0.23486778 0.18220291
0.24400000 0.23449783 0.18191608
0.24360000 0.23402768 0.18155155
0.24320000 0.23390962 0.18146002
0.24280000 0.23351827 0.18115658
0.24240000 0.23328513 0.18097582
0.24200000 0.23273366 0.18054825
0.24160000 0.23253945 0.18039767
0.24120000 0.23175738 0.17979130
0.24080000 0.23160642 0.17967426
0.24040000 0.23098935 0.17919582
0.24000000 0.23074046 0.17900285
0.23960000 0.23405757 0.18157472
0.23920000 0.23349707 0.18114015
0.23880000 0.23358051 0.18120484
0.23840000 0.23287916 0.18066106
0.23800000 0.22849889 0.17726487
0.23760000 0.22813156 0.17698007
0.23720000 0.22783830 0.17675270
0.23680000 0.22753166 0.17651495
0.23640000 0.22709635 0.17617743
0.23600000 0.22680149 0.17594882
0.23560000 0.22659030 0.17578508
0.23520000 0.22601837 0.17534164
0.23480000 0.22539163 0.17485570
0.23440000 0.22517096 0.17468461
0.23400000 0.22420199 0.17393333
0.23360000 0.22432181 0.17402623
0.23320000 0.22411189 0.17386348
0.23280000 0.22381051 0.17362980
0.23240000 0.22349050 0.17338169
0.23200000 0.22301325 0.17301166
0.23160000 0.22235111 0.17249828
0.23120000 0.22159941 0.17191546
0.23080000 0.22166982 0.17197005
0.23040000 0.22123052 0.17162945
0.23000000 0.22097642 0.17143243
0.22960000 0.22063215 0.17116551
0.22920000 0.21993591 0.17062568
0.22880000 0.21934181 0.17016506
0.22840000 0.21884389 0.16977900
0.22800000 0.21873036 0.16969098
0.22760000 0.21849536 0.16950878
0.22720000 0.21841005 0.16944263
0.22680000 0.21771449 0.16890334
0.22640000 0.21713748 0.16845596
0.22600000 0.21669439 0.16811242
0.22560000 0.21627744 0.16778914
0.22520000 0.21548409 0.16717403
0.22480000 0.21549818 0.16718495
0.22440000 0.21518825 0.16694465
0.22400000 0.21836345 0.16940650
0.22360000 0.21812866 0.16922445
0.22320000 0.21747204 0.16871536
0.22280000 0.21342918 0.16558077
0.22240000 0.21307548 0.16530654
0.22200000 0.21298099 0.16523328
0.22160000 0.21617541 0.16771003
0.22120000 0.21572683 0.16736223
0.22080000 0.21544811 0.16714613
0.22040000 0.21502038 0.16681450
0.22000000 0.21080424 0.16354557
0.21960000 0.21046676 0.16328390
0.21920000 0.21027206 0.16313294
0.21880000 0.20981976 0.16278226
0.21840000 0.20911061 0.16223244
0.21800000 0.20902645 0.16216718
0.21760000 0.20840921 0.16168861
0.21720000 0.20809346 0.16144380
0.21680000 0.20772252 0.16115620
0.21640000 0.20731561 0.16084071
0.21600000 0.20690355 0.16052122
0.21560000 0.20633893 0.16008345
0.21520000 0.20610290 0.15990045
0.21480000 0.20575738 0.15963255
0.21440000 0.20529108 0.15927101
0.21400000 0.20491272 0.15897766
0.21360000 0.20411893 0.15836220
0.21320000 0.20397194 0.15824823
0.21280000 0.20363817 0.15798945
0.21240000 0.20330489 0.15773105
0.21200000 0.20283882 0.15736968
0.21160000 0.20254917 0.15714511
0.21120000 0.20607268 0.15987702
0.21080000 0.20552727 0.15945413
0.21040000 0.20519894 0.15919957
0.21000000 0.20068204 0.15569746
0.20960000 0.20049146 0.15554969
0.20920000 0.20037582 0.15546003
0.20880000 0.20289545 0.15741359
0.20840000 0.20295595 0.15746050
0.20800000 0.20250355 0.15710974
0.20760000 0.19851210 0.15401502
0.20720000 0.19833500 0.15387771
0.20680000 0.19781482 0.15347439
0.20640000 0.19738661 0.15314239
0.20600000 0.19689765 0.15276328
0.20560000 0.19683357 0.15271359
0.20520000 0.19608622 0.15213414
0.20480000 0.19573672 0.15186317
0.20440000 0.19505042 0.15133105
0.20400000 0.19475655 0.15110320
0.20360000 0.19420108 0.15067253
0.20320000 0.19376326 0.15033307
0.20280000 0.19365949 0.15025262
0.20240000 0.19335317 0.15001511
0.20200000 0.19315091 0.14985829
0.20160000 0.19221283 0.14913097
0.20120000 0.19216159 0.14909123
0.20080000 0.19201672 0.14897892
0.20040000 0.19144133 0.14853279
0.20000000 0.19097156 0.14816856
0.19960000 0.19076806 0.14801078
0.19920000 0.19029796 0.14764630
0.19880000 0.18962737 0.14712636
0.19840000 0.18939851 0.14694892
0.19800000 0.18907293 0.14669648
0.19760000 0.18861169 0.14633887
0.19720000 0.18822437 0.14603856
0.19680000 0.18768323 0.14561900
0.19640000 0.18733956 0.14535254
0.19600000 0.18710164 0.14516807
0.19560000 0.18659660 0.14477650
0.19520000 0.18613896 0.14442167
0.19480000 0.18587371 0.14421601
0.19440000 0.18545745 0.14389327
0.19400000 0.18490979 0.14346865
0.19360000 0.18815396 0.14598397
0.19320000 0.18776937 0.14568579
0.19280000 0.18731410 0.14533280
0.19240000 0.18749227 0.14547094
0.19200000 0.18276344 0.14180451
0.19160000 0.18284062 0.14186434
0.19120000 0.18239573 0.14151940
0.19080000 0.18178259 0.14104402
0.19040000 0.18501898 0.14355331
0.19000000 0.18460229 0.14323024
0.18960000 0.18046616 0.14002334
0.18920000 0.18019211 0.13981086
0.18880000 0.17986397 0.13955644
0.18840000 0.17937635 0.13917837
0.18800000 0.17865875 0.13862199
0.18760000 0.18237504 0.14150336
0.18720000 0.18158490 0.14089074
0.18680000 0.18141074 0.14075571
0.18640000 0.17733439 0.13759517
0.18600000 0.17717252 0.13746966
0.18560000 0.17666089 0.13707297
0.18520000 0.17618641 0.13670509
0.18480000 0.17556497 0.13622327
0.18440000 0.17549217 0.13616682
0.18400000 0.17857376 0.13855610
0.18360000 0.17830773 0.13834983
0.18320000 0.17784452 0.13799069
0.18280000 0.17382106 0.13487115
0.18240000 0.17333064 0.13449091
0.18200000 0.17316775 0.13436462
0.18160000 0.17274966 0.13404046
0.18120000 0.17203971 0.13349001
0.18080000 0.17182984 0.13332728
0.18040000 0.17101023 0.13269181
0.18000000 0.17097307 0.13266300
0.17960000 0.17035168 0.13218122
0.17920000 0.17045280 0.13225962
0.17880000 0.17004302 0.13194190
0.17840000 0.16934064 0.13139732
0.17800000 0.16894570 0.13109111
0.17760000 0.16858814 0.13081388
0.17720000 0.16809336 0.13043025
0.17680000 0.16786290 0.13025157
0.17640000 0.16764487 0.13008252
0.17600000 0.16680407 0.12943062
0.17560000 0.17008396 0.13197364
0.17520000 0.16967626 0.13165753
0.17480000 0.16930466 0.13136942
0.17440000 0.16531198 0.12827375
0.17400000 0.16476144 0.12784689
0.17360000 0.16493862 0.12798427
0.17320000 0.16399813 0.12725508
0.17280000 0.16389391 0.12717427
0.17240000 0.16339073 0.12678413
0.17200000 0.16296256 0.12645216
0.17160000 0.16243586 0.12604379
0.17120000 0.16236538 0.12598914
0.17080000 0.16193365 0.12565441
0.17040000 0.16151384 0.12532892
0.17000000 0.16107028 0.12498501
0.16960000 0.16063859 0.12465030
0.16920000 0.16050102 0.12454364
0.16880000 0.15966002 0.12389158
0.16840000 0.15951919 0.12378239
0.16800000 0.15919897 0.12353411
0.16760000 0.15855819 0.12303729
0.16720000 0.15829145 0.12283048
0.16680000 0.15805523 0.12264732
0.16640000 0.15741434 0.12215042
0.16600000 0.15704998 0.12186792
0.16560000 0.16006855 0.12420833
0.16520000 0.15992453 0.12409666
0.16480000 0.15925701 0.12357911
0.16440000 0.15885732 0.12326921
0.16400000 0.15841677 0.12292764
0.16360000 0.15805158 0.12264449
0.16320000 0.15802607 0.12262472
0.16280000 0.15749021 0.12220925
0.16240000 0.15743310 0.12216497
0.16200000 0.15687406 0.12173152
0.16160000 0.15655657 0.12148536
0.16120000 0.15570554 0.12082552
0.16080000 0.15203188 0.11797721
0.16040000 0.15133127 0.11743399
0.16000000 0.15098536 0.11716580
0.15960000 0.15089190 0.11709333
0.15920000 0.15024797 0.11659407
0.15880000 0.14963056 0.11611537
0.15840000 0.14969190 0.11616293
0.15800000 0.14904216 0.11565916
0.15760000 0.14878719 0.11546148
0.15720000 0.14836689 0.11513560
0.15680000 0.14792349 0.11479181
0.15640000 0.14724737 0.11426760
0.15600000 0.14684955 0.11395915
0.15560000 0.14644117 0.11364252
0.15520000 0.14622848 0.11347762
0.15480000 0.14601567 0.11331261
0.15440000 0.14545022 0.11287420
0.15400000 0.14500944 0.11253245
0.15360000 0.14475216 0.11233297
0.15320000 0.14429744 0.11198041
0.15280000 0.14386170 0.11164256
0.15240000 0.14336689 0.11125892
0.15200000 0.14305045 0.11101357
0.15160000 0.14249539 0.11058321
0.15120000 0.14224592 0.11038979
0.15080000 0.14180067 0.11004457
0.15040000 0.14127577 0.10963759
0.15000000 0.14074734 0.10922788
0.14960000 0.14061496 0.10912525
0.14920000 0.14016301 0.10877483
0.14880000 0.13971492 0.10842742
0.14840000 0.13945105 0.10822282
0.14800000 0.13896468 0.10784572
0.14760000 0.13851983 0.10750082
0.14720000 0.13817257 0.10723157
0.14680000 0.13783233 0.10696777
0.14640000 0.13746172 0.10668043
0.14600000 0.13699322 0.10631718
0.14560000 0.13644313 0.10589067
0.14520000 0.13605531 0.10558998
0.14480000 0.13589024 0.10546200
0.14440000 0.13889932 0.10779505
0.14400000 0.13826668 0.10730454
0.14360000 0.13784784 0.10697980
0.14320000 0.13750734 0.10671580
0.14280000 0.13409120 0.10406714
0.14240000 0.13353067 0.10363253
0.14200000 0.13304447 0.10325557
0.14160000 0.13276307 0.10303739
0.14120000 0.13234865 0.10271608
0.14080000 0.13156822 0.10211098
0.14040000 0.13115107 0.10178755
0.14000000 0.13106880 0.10172376
0.13960000 0.13054141 0.10131485
0.13920000 0.13027756 0.10111028
0.13880000 0.12982782 0.10076158
0.13840000 0.12939607 0.10042683
0.13800000 0.12911880 0.10021185
0.13760000 0.12885207 0.10000505
0.13720000 0.12836572 0.09962796
0.13680000 0.12807940 0.09940597
0.13640000 0.12752168 0.09897354
0.13600000 0.12691454 0.09850281
0.13560000 0.12663826 0.09828860
0.13520000 0.12637869 0.09808734
0.13480000 0.12557295 0.09746262
0.13440000 0.12923071 0.10029862
0.13400000 0.12848064 0.09971706
0.13360000 0.12462288 0.09672600
0.13320000 0.12439278 0.09654760
0.13280000 0.12395642 0.09620927
0.13240000 0.12334300 0.09573367
0.13200000 0.12324094 0.09565453
0.13160000 0.12302745 0.09548901
0.13120000 0.12233804 0.09495448
0.13080000 0.12190001 0.09461486
0.13040000 0.12146422 0.09427698
0.13000000 0.12123789 0.09410149
0.12960000 0.12038383 0.09343931
0.12920000 0.11993174 0.09308879
0.12880000 0.11987625 0.09304577
0.12840000 0.11899417 0.09236186
0.12800000 0.12195526 0.09465770
0.12760000 0.12251879 0.09509462
0.12720000 0.12129470 0.09414554
0.12680000 0.12116118 0.09404202
0.12640000 0.11725409 0.09101271
0.12600000 0.11710503 0.09089714
0.12560000 0.11655440 0.09047021
0.12520000 0.11628532 0.09026159
0.12480000 0.11586336 0.08993443
0.12440000 0.11545680 0.08961920
0.12400000 0.11515770 0.08938730
0.12360000 0.11476306 0.08908132
0.12320000 0.11424317 0.08867823
0.12280000 0.11377585 0.08831590
0.12240000 0.11566421 0.08978001
0.12200000 0.11312913 0.08781447
0.12160000 0.11260423 0.08740750
0.12120000 0.11218851 0.08708518
0.12080000 0.11213197 0.08704134
0.12040000 0.11147712 0.08653361
0.12000000 0.11096690 0.08613802
0.11960000 0.11436123 0.08876977
0.11920000 0.11427543 0.08870324
0.11880000 0.11337897 0.08800819
0.11840000 0.11292871 0.08765908
0.11800000 0.10899895 0.08461219
0.11760000 0.10865932 0.08434887
0.11720000 0.10824574 0.08402820
0.11680000 0.10789312 0.08375480
0.11640000 0.10744179 0.08340488
0.11600000 0.10706518 0.08311287
0.11560000 0.10685257 0.08294803
0.11520000 0.10635929 0.08256557
0.11480000 0.10571988 0.08206981
0.11440000 0.10903222 0.08463799
0.11400000 0.10837347 0.08412724
0.11360000 0.10802662 0.08385831
0.11320000 0.10719791 0.08321579
0.11280000 0.10693197 0.08300959
0.11240000 0.10662460 0.08277127
0.11200000 0.10639416 0.08259261
0.11160000 0.10619644 0.08243930
0.11120000 0.10580116 0.08213283
0.11080000 0.10193831 0.07913782
0.11040000 0.10134608 0.07867865
0.11000000 0.10096664 0.07838445
0.10960000 0.10070578 0.07818219
0.10920000 0.10007077 0.07768985
0.10880000 0.09983788 0.07750928
0.10840000 0.09936834 0.07714523
0.10800000 0.09917928 0.07699864
0.10760000 0.09893661 0.07681049
0.10720000 0.09827527 0.07629773
0.10680000 0.09778257 0.07591573
0.10640000 0.09751799 0.07571059
0.10600000 0.09824777 0.07627641
0.10560000 0.09662992 0.07502203
0.10520000 0.09624222 0.07472144
0.10480000 0.09619436 0.07468433
0.10440000 0.09555240 0.07418660
0.10400000 0.09532807 0.07401266
0.10360000 0.09468166 0.07351148
0.10320000 0.09442208 0.07331021
0.10280000 0.09387183 0.07288358
0.10240000 0.09327805 0.07242321
0.10200000 0.09314355 0.07231892
0.10160000 0.09259257 0.07189172
0.10120000 0.09196330 0.07140383
0.10080000 0.09179644 0.07127446
0.10040000 0.09113124 0.07075871
0.10000000 0.09038979 0.07018383
0.09960000 0.09035219 0.07015468
0.09920000 0.09004864 0.06991933
0.09880000 0.08985923 0.06977247
0.09840000 0.08934415 0.06937311
0.09800000 0.08890649 0.06903377
0.09760000 0.08878076 0.06893629
0.09720000 0.08800509 0.06833488
0.09680000 0.08770067 0.06809886
0.09640000 0.08699401 0.06755096
0.09600000 0.08712119 0.06764957
0.09560000 0.08689502 0.06747421
0.09520000 0.08614839 0.06689532
0.09480000 0.08582298 0.06664301
0.09440000 0.08572542 0.06656737
0.09400000 0.08503648 0.06603321
0.09360000 0.08477007 0.06582666
0.09320000 0.08430299 0.06546451
0.09280000 0.08373013 0.06502035
0.09240000 0.08374787 0.06503411
0.09200000 0.08331055 0.06469504
0.09160000 0.08271180 0.06423080
0.09120000 0.08213370 0.06378258
0.09080000 0.08199599 0.06367581
0.09040000 0.08151996 0.06330673
0.09000000 0.08117854 0.06304202
0.08960000 0.08071980 0.06268633
0.08920000 0.08360619 0.06492426
0.08880000 0.08316830 0.06458474
0.08840000 0.08265724 0.06418850
0.08800000 0.08219015 0.06382635
0.08760000 0.08188013 0.06358598
0.08720000 0.08136487 0.06318648
0.08680000 0.08091376 0.06283672
0.08640000 0.08062490 0.06261276
0.08600000 0.08034694 0.06239724
0.08560000 0.07970378 0.06189858
0.08520000 0.07945338 0.06170443
0.08480000 0.07912501 0.06144983
0.08440000 0.07866895 0.06109623
0.08400000 0.07872729 0.06114147
0.08360000 0.07841523 0.06089952
0.08320000 0.07790780 0.06050609
0.08280000 0.07731847 0.06004916
0.08240000 0.07660926 0.05949928
0.08200000 0.07611439 0.05911559
0.08160000 0.07469474 0.05801488
0.08120000 0.07227632 0.05613980
0.08080000 0.07197716 0.05590784
0.08040000 0.07074987 0.05495629
0.08000000 0.07190331 0.05585059
0.07960000 0.07140352 0.05546308
0.07920000 0.07001257 0.05438463
0.07880000 0.06978371 0.05420718
0.07840000 0.06929494 0.05382822
0.07800000 0.06897974 0.05358384
0.07760000 0.06891052 0.05353017
0.07720000 0.06885609 0.05348797
0.07680000 0.07144444 0.05549481
0.07640000 0.07152489 0.05555719
0.07600000 0.07102952 0.05517311
0.07560000 0.07024809 0.05456723
0.07520000 0.06965771 0.05410949
0.07480000 0.06615073 0.05139040
0.07440000 0.06505297 0.05053927
0.07400000 0.06448656 0.05010011
0.07360000 0.06570246 0.05104284
0.07320000 0.06432851 0.04997757
0.07280000 0.06380029 0.04956802
0.07240000 0.06317030 0.04907956
0.07200000 0.06372462 0.04950935
0.07160000 0.06256110 0.04860723
0.07120000 0.06253710 0.04858862
0.07080000 0.06203319 0.04819792
0.07040000 0.06153036 0.04780806
0.07000000 0.06094324 0.04735284
0.06960000 0.06110456 0.04747793
0.06920000 0.06063654 0.04711505
0.06880000 0.05996490 0.04659430
0.06840000 0.06257429 0.04861745
0.06800000 0.06212858 0.04827188
0.06760000 0.06203983 0.04820307
0.06720000 0.06219836 0.04832598
0.06680000 0.06141105 0.04771555
0.06640000 0.06142102 0.04772329
0.06600000 0.06114073 0.04750597
0.06560000 0.06069567 0.04716090
0.06520000 0.06002509 0.04664097
0.06480000 0.05887649 0.04575042
0.06440000 0.05863188 0.04556076
0.06400000 0.05521003 0.04290767
0.06360000 0.05493707 0.04269604
0.06320000 0.05442105 0.04229595
0.06280000 0.05398109 0.04195483
0.06240000 0.05339130 0.04149755
0.06200000 0.05311150 0.04128061
0.06160000 0.05553650 0.04316080
0.06120000 0.05526112 0.04294729
0.06080000 0.05554605 0.04316820
0.06040000 0.05565374 0.04325170
0.06000000 0.05186639 0.04031523
0.05960000 0.05138522 0.03994216
0.05920000 0.05031674 0.03911373
0.05880000 0.04982050 0.03872898
0.05840000 0.04935247 0.03836609
0.05800000 0.04919527 0.03824421
0.05760000 0.05165300 0.04014978
0.05720000 0.05212577 0.04051633
0.05680000 0.05171014 0.04019408
0.05640000 0.05127425 0.03985612
0.05600000 0.05044571 0.03921373
0.05560000 0.04993874 0.03882065
0.05520000 0.04994493 0.03882545
0.05480000 0.04977883 0.03869667
0.05440000 0.04990358 0.03879339
0.05400000 0.04913558 0.03819794
0.05360000 0.04855589 0.03774848
0.05320000 0.04747476 0.03691024
0.05280000 0.04676899 0.03636303
0.05240000 0.04659443 0.03622769
0.05200000 0.04318596 0.03358498
0.05160000 0.04311326 0.03352861
0.05120000 0.04281152 0.03329466
0.05080000 0.04284865 0.03332344
0.05040000 0.04220676 0.03282577
0.05000000 0.04095784 0.03185743
0.04960000 0.04403792 0.03424553
0.04920000 0.04367042 0.03396059
0.04880000 0.04308739 0.03350855
0.04840000 0.04253674 0.03308161
0.04800000 0.04209335 0.03273783
0.04760000 0.03887267 0.03024072
0.04720000 0.03837143 0.02985209
0.04680000 0.03783576 0.02943677
0.04640000 0.03745945 0.02914500
0.04600000 0.03693336 0.02873710
0.04560000 0.03663902 0.02850889
0.04520000 0.03686356 0.02868299
0.04480000 0.03589781 0.02793420
0.04440000 0.03857694 0.03001143
0.04400000 0.03808730 0.02963179
0.04360000 0.03776760 0.02938392
0.04320000 0.03718248 0.02893026
0.04280000 0.03682473 0.02865288
0.04240000 0.03646635 0.02837501
0.04200000 0.03641485 0.02833509
0.04160000 0.03623884 0.02819862
0.04120000 0.03622263 0.02818605
0.04080000 0.03576522 0.02783140
0.04040000 0.03517400 0.02737301
0.04000000 0.03470944 0.02701282
0.03960000 0.03460830 0.02693440
0.03920000 0.03414875 0.02657809
0.03880000 0.03387085 0.02636263
0.03840000 0.03362360 0.02617093
0.03800000 0.03304476 0.02572213
0.03760000 0.03240977 0.02522980
0.03720000 0.02824626 0.02200168
0.03680000 0.02815966 0.02193454
0.03640000 0.02800078 0.02181135
0.03600000 0.02748583 0.02141209
0.03560000 0.02706422 0.02108520
0.03520000 0.02666213 0.02077345
0.03480000 0.02653909 0.02067804
0.03440000 0.02866400 0.02232557
0.03400000 0.02906022 0.02263277
0.03360000 0.02792410 0.02175189
0.03320000 0.02712188 0.02112990
0.03280000 0.02658442 0.02071319
0.03240000 0.02653518 0.02067501
0.03200000 0.02622297 0.02043295
0.03160000 0.02282892 0.01780142
0.03120000 0.02243236 0.01749395
0.03080000 0.02193605 0.01710914
0.03040000 0.02268648 0.01769097
0.03000000 0.02221170 0.01732286
0.02960000 0.02061125 0.01608198
0.02920000 0.02071109 0.01615939
0.02880000 0.02051225 0.01600522
0.02840000 0.02325903 0.01813490
0.02800000 0.02306215 0.01798225
0.02760000 0.02276974 0.01775553
0.02720000 0.02239732 0.01746678
0.02680000 0.02147291 0.01675005
0.02640000 0.01844331 0.01440109
0.02600000 0.01744445 0.01362664
0.02560000 0.01662878 0.01299422
0.02520000 0.01739243 0.01358631
0.02480000 0.01701669 0.01329498
0.02440000 0.01672615 0.01306971
0.02400000 0.01645720 0.01286118
0.02360000 0.01592014 0.01244479
0.02320000 0.01427984 0.01117300
0.02280000 0.01674521 0.01308449
0.02240000 0.01642072 0.01283291
0.02200000 0.01593725 0.01245805
0.02160000 0.01465036 0.01146028
0.02120000 0.01268657 0.00993768
0.02080000 0.01198633 0.00939476
0.02040000 0.01163872 0.00912525
0.02000000 0.01124665 0.00882126
0.01960000 0.01253848 0.00982286
0.01920000 0.01016474 0.00798241
0.01880000 0.01293265 0.01012848
0.01840000 0.01006475 0.00790488
0.01800000 0.00924635 0.00727035
0.01760000 0.00991456 0.00778844
0.01720000 0.00927674 0.00729391
0.01680000 0.00793080 0.00625036
0.01640000 0.00798649 0.00629354
0.01600000 0.00795060 0.00626571
0.01560000 0.00672786 0.00531768
0.01520000 0.00827734 0.00651904
0.01480000 0.00702459 0.00554774
0.01440000 0.00553428 0.00439225
0.01400000 0.00775583 0.00611470
0.01360000 0.00755493 0.00595893
0.01320000 0.00801999 0.00631951
0.01280000 0.00825825 0.00650424
0.01240000 0.00773867 0.00610139
0.01200000 0.00700464 0.00553227
0.01160000 0.00595804 0.00472081
0.01120000 0.00560830 0.00444964
0.01080000 0.00186200 0.00154500
0.01040000 0.00148369 0.00125168
0.01000000 0.00154522 0.00129938
0.00960000 0.00117535 0.00101261
0.00920000 0.00064869 0.00060427
0.00880000 0.00003896 0.00013152
0.00840000 0.00278617 0.00226154
0.00800000 0.00230104 0.00188540
0.00760000 0.00176237 0.00146775
0.00720000 0.00151088 0.00127276
0.00680000 0.00108694 0.00094407
0.00640000 -0.00244871 -0.00179725
0.00600000 -0.00279979 -0.00206946
0.00560000 -0.00328141 -0.00244288
0.00520000 -0.00362514 -0.00270939
0.00480000 -0.00394654 -0.00295858
0.00440000 -0.00413522 -0.00310487
0.00400000 -0.00475219 -0.00358323
0.00360000 -0.00517797 -0.00391335
0.00320000 -0.00532995 -0.00403119
0.00280000 -0.00565271 -0.00428144
0.00240000 -0.00584332 -0.00442922
0.00200000 -0.00595190 -0.00451341
0.00160000 -0.00613084 -0.00465214
0.00120000 -0.00719661 -0.00547848
0.00080000 -0.00814186 -0.00621136
0.00040000 -0.00710987 -0.00541122
-0.00000000 -0.00786323 -0.00599533
