# strain(%), energy_raw(eV), energy(eV)
0.00000100 -22367.75028327 0.01123557
0.00040000 -22367.75028732 0.01123128
0.00080000 -22367.75029261 0.01122527
0.00120000 -22367.75029181 0.01122487
0.00160000 -22367.75032196 0.01119303
0.00200000 -22367.75030431 0.01120853
0.00240000 -22367.75031388 0.01119632
0.00280000 -22367.75030032 0.01120676
0.00320000 -22367.75030930 0.01119418
0.00360000 -22367.75030728 0.01119211
0.00400000 -22367.75032236 0.01117248
0.00440000 -22367.75032480 0.01116500
0.00480000 -22367.75030298 0.01118130
0.00520000 -22367.75032943 0.01114885
0.00560000 -22367.75030056 0.01117124
0.00600000 -22367.75031751 0.01114733
0.00640000 -22367.75029716 0.01116024
0.00680000 -22367.75030131 0.01114817
0.00720000 -22367.75029161 0.01114946
0.00760000 -22367.75029303 0.01113917
0.00800000 -22367.75027936 0.01114348
0.00840000 -22367.75027131 0.01114168
0.00880000 -22367.75027892 0.01112376
0.00920000 -22367.75029223 0.01109965
0.00960000 -22367.75027393 0.01110667
0.01000000 -22367.75027635 0.01109248
0.01040000 -22367.75025614 0.01110046
0.01080000 -22367.75024730 0.01109657
0.01120000 -22367.75021994 0.01111074
0.01160000 -22367.75018907 0.01112793
0.01200000 -22367.75018024 0.01112260
0.01240000 -22367.75018217 0.01110603
0.01280000 -22367.75017900 0.01109408
0.01320000 -22367.75015788 0.01109960
0.01360000 -22367.75013466 0.01110674
0.01400000 -22367.75013497 0.01108987
0.01440000 -22367.75011243 0.01109537
0.01480000 -22367.75009227 0.01109800
0.01520000 -22367.75007342 0.01109886
0.01560000 -22367.75005709 0.01109671
0.01600000 -22367.75003971 0.01109513
0.01640000 -22367.75000323 0.01111216
0.01680000 -22367.74999754 0.01109793
0.01720000 -22367.74994101 0.01113407
0.01760000 -22367.74995780 0.01109640
0.01800000 -22367.74993354 0.01109930
0.01840000 -22367.74990601 0.01110499
0.01880000 -22367.74986647 0.01112221
0.01920000 -22367.74984094 0.01112494
0.01960000 -22367.74985177 0.01109083
0.02000000 -22367.74981702 0.01110182
0.02040000 -22367.74980685 0.01108775
0.02080000 -22367.74977330 0.01109658
0.02120000 -22367.74973662 0.01110806
0.02160000 -22367.74970770 0.01111130
0.02200000 -22367.74968983 0.01110301
0.02240000 -22367.74966246 0.01110374
0.02280000 -22367.74964365 0.01109543
0.02320000 -22367.74960214 0.01110934
0.02360000 -22367.74957953 0.01110387
0.02400000 -22367.74954257 0.01111227
0.02440000 -22367.74951515 0.01111065
0.02480000 -22367.74946256 0.01113372
0.02520000 -22367.74945947 0.01110680
0.02560000 -22367.74943120 0.01110460
0.02600000 -22367.74938186 0.01112297
0.02640000 -22367.74932376 0.01114964
0.02680000 -22367.74932373 0.01111775
0.02720000 -22367.74927261 0.01113647
0.02760000 -22367.74924915 0.01112705
0.02800000 -22367.74921478 0.01112806
0.02840000 -22367.74916778 0.01114122
0.02880000 -22367.74910910 0.01116558
0.02920000 -22367.74908727 0.01115261
0.02960000 -22367.74904419 0.01116041
0.03000000 -22367.74902185 0.01114698
0.03040000 -22367.74896117 0.01117143
0.03080000 -22367.74892814 0.01116774
0.03120000 -22367.74888587 0.01117281
0.03160000 -22367.74883120 0.01118979
0.03200000 -22367.74878734 0.01119550
0.03240000 -22367.74872915 0.01121504
0.03280000 -22367.74871357 0.01119151
0.03320000 -22367.74865200 0.01121347
0.03360000 -22367.74862702 0.01119838
0.03400000 -22367.74857142 0.01121342
0.03440000 -22367.74852574 0.01121806
0.03480000 -22367.74847735 0.01122492
0.03520000 -22367.74842649 0.01123379
0.03560000 -22367.74838136 0.01123644
0.03600000 -22367.74833694 0.01123790
0.03640000 -22367.74828831 0.01124309
0.03680000 -22367.74824492 0.01124256
0.03720000 -22367.74817593 0.01126714
0.03760000 -22367.74811889 0.01127931
0.03800000 -22367.74807927 0.01127356
0.03840000 -22367.74799614 0.01131086
0.03880000 -22367.74795924 0.01130144
0.03920000 -22367.74790812 0.01130576
0.03960000 -22367.74785425 0.01131235
0.04000000 -22367.74780804 0.01131080
0.04040000 -22367.74774892 0.01132167
0.04080000 -22367.74769152 0.01133035
0.04120000 -22367.74764838 0.01132429
0.04160000 -22367.74756849 0.01135450
0.04200000 -22367.74752484 0.01134800
0.04240000 -22367.74743506 0.01138714
0.04280000 -22367.74740607 0.01136501
0.04320000 -22367.74731307 0.01140641
0.04360000 -22367.74727792 0.01138948
0.04400000 -22367.74721536 0.01139947
0.04440000 -22367.74717286 0.01138894
0.04480000 -22367.74709615 0.01141213
0.04520000 -22367.74704963 0.01140465
0.04560000 -22367.74698952 0.01141028
0.04600000 -22367.74691731 0.01142753
0.04640000 -22367.74684043 0.01144897
0.04680000 -22367.74678008 0.01145340
0.04720000 -22367.74667555 0.01150153
0.04760000 -22367.74663866 0.01148154
0.04800000 -22367.74657890 0.01148394
0.04840000 -22367.74650407 0.01150092
0.04880000 -22367.74647764 0.01146903
0.04920000 -22367.74636663 0.01152125
0.04960000 -22367.74630448 0.01152412
0.05000000 -22367.74624228 0.01152655
0.05040000 -22367.74615484 0.01155376
0.05080000 -22367.74608234 0.01156554
0.05120000 -22367.74600633 0.01158035
0.05160000 -22367.74593491 0.01159009
0.05200000 -22367.74585283 0.01161001
0.05240000 -22367.74579795 0.01160225
0.05280000 -22367.74570869 0.01162839
0.05320000 -22367.74563765 0.01163583
0.05360000 -22367.74556997 0.01163943
0.05400000 -22367.74550021 0.01164463
0.05440000 -22367.74542065 0.01165914
0.05480000 -22367.74533434 0.01167994
0.05520000 -22367.74527201 0.01167627
0.05560000 -22367.74520513 0.01167667
0.05600000 -22367.74512210 0.01169273
0.05640000 -22367.74500523 0.01174217
0.05680000 -22367.74493234 0.01174714
0.05720000 -22367.74485206 0.01175902
0.05760000 -22367.74477801 0.01176419
0.05800000 -22367.74466836 0.01180447
0.05840000 -22367.74462443 0.01177857
0.05880000 -22367.74452624 0.01180643
0.05920000 -22367.74445300 0.01180888
0.05960000 -22367.74435368 0.01183692
0.06000000 -22367.74426250 0.01185634
0.06040000 -22367.74419765 0.01184895
0.06080000 -22367.74410061 0.01187327
0.06120000 -22367.74401067 0.01189000
0.06160000 -22367.74392968 0.01189731
0.06200000 -22367.74385315 0.01189969
0.06240000 -22367.74374299 0.01193521
0.06280000 -22367.74362277 0.01198031
0.06320000 -22367.74355984 0.01196763
0.06360000 -22367.74346679 0.01198461
0.06400000 -22367.74339773 0.01197711
0.06440000 -22367.74328817 0.01200963
0.06480000 -22367.74318316 0.01203711
0.06520000 -22367.74311376 0.01202852
0.06560000 -22367.74301532 0.01204847
0.06600000 -22367.74292614 0.01205870
0.06640000 -22367.74283255 0.01207285
0.06680000 -22367.74272463 0.01210085
0.06720000 -22367.74261633 0.01212875
0.06760000 -22367.74252748 0.01213672
0.06800000 -22367.74243202 0.01215081
0.06840000 -22367.74232956 0.01217144
0.06880000 -22367.74223406 0.01218462
0.06920000 -22367.74212647 0.01220940
0.06960000 -22367.74204265 0.01220995
0.07000000 -22367.74192817 0.01224067
0.07040000 -22367.74177387 0.01231072
0.07080000 -22367.74170651 0.01229337
0.07120000 -22367.74160076 0.01231392
0.07160000 -22367.74151070 0.01231829
0.07200000 -22367.74139539 0.01234745
0.07240000 -22367.74131029 0.01234591
0.07280000 -22367.74120489 0.01236419
0.07320000 -22367.74108570 0.01239578
0.07360000 -22367.74097241 0.01242099
0.07400000 -22367.74088033 0.01242450
0.07440000 -22367.74076228 0.01245352
0.07480000 -22367.74066185 0.01246443
0.07520000 -22367.74055816 0.01247812
0.07560000 -22367.74046745 0.01247835
0.07600000 -22367.74032018 0.01253465
0.07640000 -22367.74023172 0.01253167
0.07680000 -22367.74011744 0.01255404
0.07720000 -22367.74001669 0.01256239
0.07760000 -22367.73987020 0.01261600
0.07800000 -22367.73977474 0.01261810
0.07840000 -22367.73967303 0.01262597
0.07880000 -22367.73952417 0.01268051
0.07920000 -22367.73941891 0.01269097
0.07960000 -22367.73931902 0.01269558
0.08000000 -22367.73919445 0.01272439
0.08040000 -22367.73906883 0.01275377
0.08080000 -22367.73894329 0.01278259
0.08120000 -22367.73884384 0.01278483
0.08160000 -22367.73870929 0.01282171
0.08200000 -22367.73861258 0.01282026
0.08240000 -22367.73850842 0.01282578
0.08280000 -22367.73835873 0.01287635
0.08320000 -22367.73824346 0.01289201
0.08360000 -22367.73812059 0.01291480
0.08400000 -22367.73799354 0.01294130
0.08440000 -22367.73786754 0.01296625
0.08480000 -22367.73776133 0.01297095
0.08520000 -22367.73763632 0.01299396
0.08560000 -22367.73748450 0.01304329
0.08600000 -22367.73738461 0.01304023
0.08640000 -22367.73725132 0.01307008
0.08680000 -22367.73712242 0.01309506
0.08720000 -22367.73698931 0.01312376
0.08760000 -22367.73688363 0.01312457
0.08800000 -22367.73673415 0.01316869
0.08840000 -22367.73661958 0.01317742
0.08880000 -22367.73646681 0.01322387
0.08920000 -22367.73634150 0.01324238
0.08960000 -22367.73623112 0.01324548
0.09000000 -22367.73609093 0.01327790
0.09040000 -22367.73596627 0.01329433
0.09080000 -22367.73583092 0.01332096
0.09120000 -22367.73567560 0.01336708
0.09160000 -22367.73554844 0.01338456
0.09200000 -22367.73543082 0.01339201
0.09240000 -22367.73527834 0.01343385
0.09280000 -22367.73512801 0.01347307
0.09320000 -22367.73500738 0.01348210
0.09360000 -22367.73487856 0.01349884
0.09400000 -22367.73474524 0.01351960
0.09440000 -22367.73458021 0.01357159
0.09480000 -22367.73445040 0.01358787
0.09520000 -22367.73432918 0.01359510
0.09560000 -22367.73416808 0.01364172
0.09600000 -22367.73403881 0.01365602
0.09640000 -22367.73388685 0.01369255
0.09680000 -22367.73376733 0.01369614
0.09720000 -22367.73360036 0.01374671
0.09760000 -22367.73347054 0.01375965
0.09800000 -22367.73328703 0.01382581
0.09840000 -22367.73314990 0.01384510
0.09880000 -22367.73301607 0.01386061
0.09920000 -22367.73286947 0.01388841
0.09960000 -22367.73272778 0.01391082
0.10000000 -22367.73258097 0.01393787
0.10040000 -22367.73242507 0.01397353
0.10080000 -22367.73229186 0.01398602
0.10120000 -22367.73213876 0.01401792
0.10160000 -22367.73197803 0.01405697
0.10200000 -22367.73183597 0.01407687
0.10240000 -22367.73167760 0.01411260
0.10280000 -22367.73153235 0.01413473
0.10320000 -22367.73137663 0.01416685
0.10360000 -22367.73121886 0.01420054
0.10400000 -22367.73106494 0.01422989
0.10440000 -22367.73091669 0.01425310
0.10480000 -22367.73076006 0.01428422
0.10520000 -22367.73058422 0.01433406
0.10560000 -22367.73045107 0.01434072
0.10600000 -22367.73029035 0.01437448
0.10640000 -22367.73011716 0.01442024
0.10680000 -22367.72996587 0.01444360
0.10720000 -22367.72982471 0.01445637
0.10760000 -22367.72965352 0.01449868
0.10800000 -22367.72947524 0.01454760
0.10840000 -22367.72932271 0.01457029
0.10880000 -22367.72916227 0.01460041
0.10920000 -22367.72900670 0.01462518
0.10960000 -22367.72884107 0.01465953
0.11000000 -22367.72868708 0.01468176
0.11040000 -22367.72854357 0.01469303
0.11080000 -22367.72835399 0.01474988
0.11120000 -22367.72821360 0.01475708
0.11160000 -22367.72800469 0.01483230
0.11200000 -22367.72787140 0.01483144
0.11240000 -22367.72769395 0.01487425
0.11280000 -22367.72752368 0.01490940
0.11320000 -22367.72735222 0.01494526
0.11360000 -22367.72720151 0.01495989
0.11400000 -22367.72702300 0.01500184
0.11440000 -22367.72685044 0.01503736
0.11480000 -22367.72668392 0.01506636
0.11520000 -22367.72648948 0.01512280
0.11560000 -22367.72633252 0.01514128
0.11600000 -22367.72613549 0.01519935
0.11640000 -22367.72598102 0.01521438
0.11680000 -22367.72581639 0.01523909
0.11720000 -22367.72562933 0.01528575
0.11760000 -22367.72547162 0.01530258
0.11800000 -22367.72532107 0.01531176
0.11840000 -22367.72510707 0.01538393
0.11880000 -22367.72493283 0.01541585
0.11920000 -22367.72475542 0.01545046
0.11960000 -22367.72458709 0.01547551
0.12000000 -22367.72441147 0.01550737
0.12040000 -22367.72421126 0.01556334
0.12080000 -22367.72405312 0.01557676
0.12120000 -22367.72387097 0.01561370
0.12160000 -22367.72366500 0.01567400
0.12200000 -22367.72349212 0.01570072
0.12240000 -22367.72331669 0.01572951
0.12280000 -22367.72314100 0.01575808
0.12320000 -22367.72293297 0.01581851
0.12360000 -22367.72276395 0.01583945
0.12400000 -22367.72257966 0.01587517
0.12440000 -22367.72241098 0.01589481
0.12480000 -22367.72220323 0.01595305
0.12520000 -22367.72201530 0.01599097
0.12560000 -22367.72184012 0.01601568
0.12600000 -22367.72164907 0.01605577
0.12640000 -22367.72144999 0.01610341
0.12680000 -22367.72128252 0.01611895
0.12720000 -22367.72108616 0.01616291
0.12760000 -22367.72088929 0.01620691
0.12800000 -22367.72068546 0.01625738
0.12840000 -22367.72051848 0.01627052
0.12880000 -22367.72032153 0.01631315
0.12920000 -22367.72014209 0.01633779
0.12960000 -22367.71994416 0.01638043
0.13000000 -22367.71971842 0.01645042
0.13040000 -22367.71955350 0.01645910
0.13080000 -22367.71935604 0.01649984
0.13120000 -22367.71916799 0.01653068
0.13160000 -22367.71895922 0.01658178
0.13200000 -22367.71876089 0.01662194
0.13240000 -22367.71856961 0.01665459
0.13280000 -22367.71835621 0.01670887
0.13320000 -22367.71818621 0.01671927
0.13360000 -22367.71798655 0.01675885
0.13400000 -22367.71778586 0.01679898
0.13440000 -22367.71758993 0.01683386
0.13480000 -22367.71739051 0.01687176
0.13520000 -22367.71717251 0.01692777
0.13560000 -22367.71696576 0.01697204
0.13600000 -22367.71677168 0.01700316
0.13640000 -22367.71655814 0.01705326
0.13680000 -22367.71634795 0.01709953
0.13720000 -22367.71615973 0.01712335
0.13760000 -22367.71595075 0.01716745
0.13800000 -22367.71576175 0.01719109
0.13840000 -22367.71553195 0.01725504
0.13880000 -22367.71534423 0.01727645
0.13920000 -22367.71512670 0.01732718
0.13960000 -22367.71490801 0.01737858
0.14000000 -22367.71471357 0.01740527
0.14040000 -22367.71451099 0.01743961
0.14080000 -22367.71428807 0.01749381
0.14120000 -22367.71406697 0.01754571
0.14160000 -22367.71384906 0.01759394
0.14200000 -22367.71365969 0.01761315
0.14240000 -22367.71344174 0.01766046
0.14280000 -22367.71322516 0.01770592
0.14320000 -22367.71302610 0.01773338
0.14360000 -22367.71279333 0.01779407
0.14400000 -22367.71258782 0.01782702
0.14440000 -22367.71236719 0.01787461
0.14480000 -22367.71216552 0.01790276
0.14520000 -22367.71191418 0.01798009
0.14560000 -22367.71172423 0.01799556
0.14600000 -22367.71153020 0.01801464
0.14640000 -22367.71129078 0.01807862
0.14680000 -22367.71106188 0.01813160
0.14720000 -22367.71085357 0.01816350
0.14760000 -22367.71060207 0.01823813
0.14800000 -22367.71036765 0.01829519
0.14840000 -22367.71018392 0.01830108
0.14880000 -22367.70997174 0.01833494
0.14920000 -22367.70975466 0.01837321
0.14960000 -22367.70952462 0.01842398
0.15000000 -22367.70929377 0.01847507
0.15040000 -22367.70905383 0.01853477
0.15080000 -22367.70882552 0.01858236
0.15120000 -22367.70860852 0.01861816
0.15160000 -22367.70839321 0.01865179
0.15200000 -22367.70815850 0.01870434
0.15240000 -22367.70793828 0.01874192
0.15280000 -22367.70770933 0.01878775
0.15320000 -22367.70746350 0.01884998
0.15360000 -22367.70721323 0.01891617
0.15400000 -22367.70701400 0.01893083
0.15440000 -22367.70678045 0.01897935
0.15480000 -22367.70652756 0.01904672
0.15520000 -22367.70629397 0.01909431
0.15560000 -22367.70605535 0.01914644
0.15600000 -22367.70582866 0.01918618
0.15640000 -22367.70562136 0.01920604
0.15680000 -22367.70536194 0.01927754
0.15720000 -22367.70514558 0.01930550
0.15760000 -22367.70489432 0.01936788
0.15800000 -22367.70465017 0.01942266
0.15840000 -22367.70439357 0.01948943
0.15880000 -22367.70418492 0.01950775
0.15920000 -22367.70393956 0.01956231
0.15960000 -22367.70371940 0.01959120
0.16000000 -22367.70348826 0.01963058
0.16040000 -22367.70322242 0.01970418
0.16080000 -22367.70299444 0.01973944
0.16120000 -22367.70275073 0.01978994
0.16160000 -22367.70251887 0.01982813
0.16200000 -22367.70227789 0.01987495
0.16240000 -22367.70202016 0.01993803
0.16280000 -22367.70175076 0.02001232
0.16320000 -22367.70152622 0.02004126
0.16360000 -22367.70130302 0.02006837
0.16400000 -22367.70103263 0.02014220
0.16440000 -22367.70076960 0.02020820
0.16480000 -22367.70054433 0.02023595
0.16520000 -22367.70028662 0.02029565
0.16560000 -22367.70005639 0.02032741
0.16600000 -22367.69977072 0.02041412
0.16640000 -22367.69954875 0.02043665
0.16680000 -22367.69933262 0.02045286
0.16720000 -22367.69905144 0.02053364
0.16760000 -22367.69880794 0.02057626
0.16800000 -22367.69856108 0.02062176
0.16840000 -22367.69829750 0.02068350
0.16880000 -22367.69805513 0.02072355
0.16920000 -22367.69781330 0.02076257
0.16960000 -22367.69755901 0.02081359
0.17000000 -22367.69727348 0.02089536
0.17040000 -22367.69701105 0.02095355
0.17080000 -22367.69677216 0.02098772
0.17120000 -22367.69652800 0.02102668
0.17160000 -22367.69623794 0.02111106
0.17200000 -22367.69601919 0.02112364
0.17240000 -22367.69573410 0.02120209
0.17280000 -22367.69547536 0.02125372
0.17320000 -22367.69521567 0.02130581
0.17360000 -22367.69495020 0.02136320
0.17400000 -22367.69470438 0.02140045
0.17440000 -22367.69443253 0.02146327
0.17480000 -22367.69416684 0.02151943
0.17520000 -22367.69391892 0.02155735
0.17560000 -22367.69363932 0.02162648
0.17600000 -22367.69338883 0.02166601
0.17640000 -22367.69312758 0.02171581
0.17680000 -22367.69284817 0.02178331
0.17726100 -22367.69257595 0.02181070
0.17760000 -22367.69231304 0.02189316
0.17800000 -22367.69206932 0.02192352
0.17840000 -22367.69177295 0.02200605
0.17880000 -22367.69150960 0.02205507
0.17920000 -22367.69124409 0.02210579
0.17960000 -22367.69096871 0.02216589
0.18000000 -22367.69071946 0.02219937
0.18040000 -22367.69045116 0.02225144
0.18080000 -22367.69015230 0.02233358
0.18120000 -22367.68988021 0.02238846
0.18160000 -22367.68962864 0.02242236
0.18200000 -22367.68934330 0.02248954
0.18240000 -22367.68906659 0.02254761
0.18280000 -22367.68875488 0.02264020
0.18320000 -22367.68851300 0.02266248
0.18360000 -22367.68825416 0.02270123
0.18400000 -22367.68796095 0.02277389
0.18440000 -22367.68768144 0.02283235
0.18480000 -22367.68739271 0.02289957
0.18520000 -22367.68714489 0.02292539
0.18560000 -22367.68685327 0.02299452
0.18600000 -22367.68657246 0.02305237
0.18640000 -22367.68629643 0.02310497
0.18680000 -22367.68601328 0.02316420
0.18720000 -22367.68571714 0.02323594
0.18760000 -22367.68545825 0.02326995
0.18800000 -22367.68516622 0.02333662
0.18840000 -22367.68490630 0.02337070
0.18880000 -22367.68459222 0.02345846
0.18920000 -22367.68428440 0.02353947
0.18960000 -22367.68403079 0.02356581
0.19000000 -22367.68375459 0.02361424
0.19040000 -22367.68347196 0.02366863
0.19080000 -22367.68317428 0.02373759
0.19120000 -22367.68287840 0.02380428
0.19160000 -22367.68261558 0.02383741
0.19200000 -22367.68231777 0.02390506
0.19240000 -22367.68202563 0.02396656
0.19280000 -22367.68173144 0.02402964
0.19320000 -22367.68145099 0.02407849
0.19360000 -22367.68111474 0.02418266
0.19400000 -22367.68085556 0.02420928
0.19440000 -22367.68054727 0.02428453
0.19480000 -22367.68027946 0.02431882
0.19520000 -22367.67998463 0.02437965
0.19560000 -22367.67967765 0.02445215
0.19600000 -22367.67938177 0.02451307
0.19640000 -22367.67910279 0.02455661
0.19680000 -22367.67879623 0.02462725
0.19720000 -22367.67849280 0.02469428
0.19760000 -22367.67818928 0.02476092
0.19800000 -22367.67790863 0.02480421
0.19840000 -22367.67758965 0.02488535
0.19880000 -22367.67729083 0.02494585
0.19920000 -22367.67700719 0.02499069
0.19960000 -22367.67669922 0.02505938
0.20000000 -22367.67638974 0.02512909
0.20040000 -22367.67610682 0.02517178
0.20080000 -22367.67578671 0.02525116
0.20120000 -22367.67547862 0.02531805
0.20160000 -22367.67518842 0.02536658
0.20200000 -22367.67485346 0.02545938
0.20240000 -22367.67456531 0.02550489
0.20280000 -22367.67426657 0.02556051
0.20320000 -22367.67396529 0.02561818
0.20360000 -22367.67365035 0.02568905
0.20400000 -22367.67333118 0.02576365
0.20440000 -22367.67304726 0.02580254
0.20480000 -22367.67272447 0.02587980
0.20520000 -22367.67241368 0.02594460
0.20560000 -22367.67212115 0.02599065
0.20600000 -22367.67180355 0.02606129
0.20640000 -22367.67149477 0.02612263
0.20680000 -22367.67116519 0.02620429
0.20720000 -22367.67086609 0.02625498
0.20760000 -22367.67055456 0.02631764
0.20800000 -22367.67023682 0.02638602
0.20840000 -22367.66993750 0.02643549
0.20880000 -22367.66962438 0.02649830
0.20920000 -22367.66930197 0.02656991
0.20960000 -22367.66898792 0.02663267
0.21000000 -22367.66866472 0.02670412
0.21040000 -22367.66834734 0.02676925
0.21080000 -22367.66801640 0.02684747
0.21120000 -22367.66767563 0.02693504
0.21160000 -22367.66738545 0.02697155
0.21200000 -22367.66704564 0.02705720
0.21240000 -22367.66674031 0.02710789
0.21280000 -22367.66640787 0.02718521
0.21320000 -22367.66612092 0.02721656
0.21360000 -22367.66578985 0.02729155
0.21400000 -22367.66548567 0.02733917
0.21440000 -22367.66515513 0.02741266
0.21480000 -22367.66480447 0.02750580
0.21520000 -22367.66446747 0.02758480
0.21560000 -22367.66415529 0.02763850
0.21600000 -22367.66381711 0.02771772
0.21640000 -22367.66351914 0.02775626
0.21680000 -22367.66319246 0.02782302
0.21720000 -22367.66283515 0.02791993
0.21760000 -22367.66251139 0.02798281
0.21800000 -22367.66220288 0.02802996
0.21840000 -22367.66185758 0.02811342
0.21880000 -22367.66154364 0.02816504
0.21920000 -22367.66119083 0.02825505
0.21960000 -22367.66087647 0.02830612
0.22000000 -22367.66054946 0.02836937
0.22040000 -22367.66021442 0.02844017
0.22080000 -22367.65985920 0.02853067
0.22120000 -22367.65954974 0.02857494
0.22160000 -22367.65918224 0.02867675
0.22200000 -22367.65886515 0.02872769
0.22240000 -22367.65853984 0.02878636
0.22280000 -22367.65818505 0.02887403
0.22320000 -22367.65788947 0.02890200
0.22360000 -22367.65753001 0.02899339
0.22400000 -22367.65720331 0.02905152
0.22440000 -22367.65684602 0.02913978
0.22480000 -22367.65647735 0.02923893
0.22520000 -22367.65617812 0.02926816
0.22560000 -22367.65581909 0.02935671
0.22600000 -22367.65548001 0.02942483
0.22640000 -22367.65513664 0.02949676
0.22680000 -22367.65481268 0.02954880
0.22720000 -22367.65445498 0.02963410
0.22760000 -22367.65410144 0.02971476
0.22800000 -22367.65378049 0.02976235
0.22840000 -22367.65344145 0.02982755
0.22880000 -22367.65311175 0.02988292
0.22920000 -22367.65272905 0.02999083
0.22960000 -22367.65237145 0.03007315
0.23000000 -22367.65202509 0.03014375
0.23040000 -22367.65170315 0.03018945
0.23080000 -22367.65133683 0.03027905
0.23120000 -22367.65099473 0.03034395
0.23160000 -22367.65063640 0.03042459
0.23200000 -22367.65029622 0.03048662
0.23240000 -22367.64995556 0.03054864
0.23280000 -22367.64960906 0.03061602
0.23320000 -22367.64924936 0.03069611
0.23360000 -22367.64887247 0.03079293
0.23400000 -22367.64852256 0.03086228
0.23440000 -22367.64818801 0.03091579
0.23480000 -22367.64782364 0.03099864
0.23520000 -22367.64748582 0.03105445
0.23560000 -22367.64712617 0.03113163
0.23600000 -22367.64674739 0.03122745
0.23640000 -22367.64642066 0.03127074
0.23680000 -22367.64605057 0.03135691
0.23720000 -22367.64569567 0.03142741
0.23760000 -22367.64533671 0.03150149
0.23800000 -22367.64497281 0.03158003
0.23840000 -22367.64460309 0.03166391
0.23880000 -22367.64425425 0.03172643
0.23920000 -22367.64388721 0.03180667
0.23960000 -22367.64354013 0.03186647
0.24000000 -22367.64317364 0.03194520
0.24040000 -22367.64280991 0.03202068
0.24080000 -22367.64243066 0.03211122
0.24120000 -22367.64206960 0.03218307
0.24160000 -22367.64173002 0.03223298
0.24200000 -22367.64134543 0.03232741
0.24240000 -22367.64097402 0.03240818
0.24280000 -22367.64060938 0.03248169
0.24320000 -22367.64025579 0.03254369
0.24360000 -22367.63987257 0.03263482
0.24400000 -22367.63950580 0.03270904
0.24440000 -22367.63913803 0.03278377
0.24480000 -22367.63877062 0.03285765
0.24520000 -22367.63842353 0.03291075
0.24560000 -22367.63803660 0.03300319
0.24600000 -22367.63766678 0.03307806
0.24640000 -22367.63729112 0.03315828
0.24680000 -22367.63691983 0.03323365
0.24720000 -22367.63653569 0.03332139
0.24760000 -22367.63614582 0.03341438
0.24800000 -22367.63577180 0.03349103
0.24840000 -22367.63540560 0.03355940
0.24880000 -22367.63504869 0.03361799
0.24920000 -22367.63465786 0.03371002
0.24960000 -22367.63428454 0.03378406
0.25000000 -22367.63391646 0.03385238
0.25040000 -22367.63353549 0.03393310
0.25080000 -22367.63315013 0.03401775
0.25120000 -22367.63277422 0.03409246
0.25160000 -22367.63238064 0.03418436
0.25200000 -22367.63200095 0.03426189
0.25240000 -22367.63162912 0.03433108
0.25280000 -22367.63122384 0.03443324
0.25320000 -22367.63086558 0.03448790
0.25360000 -22367.63048110 0.03456830
0.25400000 -22367.63007284 0.03467200
0.25440000 -22367.62970015 0.03473965
0.25480000 -22367.62934695 0.03478733
0.25520000 -22367.62893492 0.03489336
0.25560000 -22367.62855557 0.03496622
0.25600000 -22367.62815802 0.03505682
0.25640000 -22367.62776472 0.03514268
0.25680000 -22367.62736805 0.03523143
0.25720000 -22367.62696596 0.03532512
0.25760000 -22367.62661357 0.03536863
0.25800000 -22367.62622902 0.03544382
0.25840000 -22367.62582649 0.03553650
0.25880000 -22367.62545237 0.03560031
0.25920000 -22367.62505580 0.03568608
0.25960000 -22367.62466900 0.03576160
0.26000000 -22367.62427452 0.03584432
0.26040000 -22367.62385566 0.03595094
0.26080000 -22367.62347127 0.03602261
0.26120000 -22367.62308496 0.03609572
0.26160000 -22367.62269525 0.03617175
0.26200000 -22367.62230536 0.03624747
0.26240000 -22367.62188175 0.03635644
0.26280000 -22367.62148830 0.03643478
0.26320000 -22367.62109307 0.03651441
0.26360000 -22367.62067968 0.03661171
0.26400000 -22367.62031405 0.03666079
0.26440000 -22367.61990687 0.03675093
0.26480000 -22367.61947975 0.03686053
0.26520000 -22367.61908415 0.03693813
0.26560000 -22367.61869346 0.03701034
0.26600000 -22367.61829517 0.03708967
0.26640000 -22367.61787124 0.03719416
0.26680000 -22367.61747045 0.03727503
0.26720000 -22367.61709768 0.03732740
0.26760000 -22367.61670480 0.03739940
0.26800000 -22367.61626840 0.03751444
0.26840000 -22367.61587045 0.03759054
0.26880000 -22367.61545899 0.03767969
0.26920000 -22367.61505738 0.03775850
0.26960000 -22367.61464679 0.03784580
0.27000000 -22367.61425205 0.03791678
0.27040000 -22367.61383357 0.03801102
0.27080000 -22367.61344015 0.03807973
0.27120000 -22367.61301330 0.03818138
0.27160000 -22367.61261770 0.03825129
0.27200000 -22367.61218854 0.03835429
0.27240000 -22367.61179231 0.03842389
0.27280000 -22367.61135892 0.03853016
0.27320000 -22367.61094838 0.03861310
0.27360000 -22367.61051395 0.03871945
0.27400000 -22367.61014519 0.03875965
0.27440000 -22367.60971217 0.03886363
0.27480000 -22367.60930640 0.03893988
0.27520000 -22367.60886744 0.03904883
0.27560000 -22367.60847952 0.03910627
0.27600000 -22367.60802630 0.03922854
0.27640000 -22367.60762709 0.03929631
0.27680000 -22367.60720445 0.03938702
0.27720000 -22367.60678282 0.03947626
0.27760000 -22367.60636616 0.03956004
0.27800000 -22367.60594443 0.03964841
0.27840000 -22367.60555031 0.03970869
0.27880000 -22367.60510439 0.03982029
0.27920000 -22367.60469307 0.03989681
0.27960000 -22367.60425051 0.04000408
0.28000000 -22367.60382775 0.04009109
0.28040000 -22367.60339374 0.04018886
0.28080000 -22367.60295780 0.04028808
0.28120000 -22367.60256682 0.04034186
0.28160000 -22367.60212914 0.04044186
0.28200000 -22367.60168695 0.04054589
0.28240000 -22367.60126416 0.04063003
0.28280000 -22367.60083900 0.04071608
0.28320000 -22367.60043915 0.04077633
0.28360000 -22367.60000330 0.04087210
0.28400000 -22367.59956714 0.04096769
0.28440000 -22367.59913459 0.04105920
0.28480000 -22367.59871889 0.04113339
0.28520000 -22367.59827186 0.04123841
0.28560000 -22367.59782665 0.04134115
0.28600000 -22367.59740399 0.04142085
0.28640000 -22367.59698012 0.04150128
0.28680000 -22367.59653600 0.04160148
0.28720000 -22367.59610194 0.04169114
0.28760000 -22367.59565319 0.04179500
0.28800000 -22367.59522432 0.04187852
0.28840000 -22367.59481403 0.04194297
0.28880000 -22367.59435689 0.04205379
0.28920000 -22367.59392472 0.04213916
0.28960000 -22367.59349544 0.04222116
0.29000000 -22367.59304397 0.04232486
0.29040000 -22367.59261500 0.04240560
0.29080000 -22367.59212982 0.04254206
0.29120000 -22367.59173804 0.04258464
0.29160000 -22367.59129911 0.04267388
0.29200000 -22367.59084838 0.04277445
0.29240000 -22367.59039408 0.04287812
0.29280000 -22367.58994180 0.04297928
0.29320000 -22367.58950288 0.04306659
0.29360000 -22367.58908108 0.04313632
0.29400000 -22367.58862112 0.04324371
0.29440000 -22367.58816569 0.04334611
0.29480000 -22367.58774324 0.04341504
0.29520000 -22367.58727063 0.04353364
0.29560000 -22367.58682984 0.04361996
0.29600000 -22367.58639353 0.04370131
0.29640000 -22367.58593741 0.04380199
0.29680000 -22367.58551206 0.04387142
0.29720000 -22367.58508207 0.04394501
0.29760000 -22367.58460654 0.04406366
0.29800000 -22367.58412961 0.04418323
0.29840000 -22367.58367564 0.04427936
0.29880000 -22367.58323935 0.04435732
0.29920000 -22367.58278556 0.04445232
0.29960000 -22367.58233718 0.04454142
0.30000000 -22367.58185755 0.04466129
0.30040000 -22367.58140680 0.04475179
0.30080000 -22367.58096422 0.04483366
0.30120000 -22367.58051922 0.04491746
0.30160000 -22367.58005742 0.04501758
0.30200000 -22367.57960515 0.04510769
0.30240000 -22367.57914546 0.04520474
0.30280000 -22367.57867325 0.04531383
0.30320000 -22367.57821276 0.04541072
0.30360000 -22367.57773686 0.04552254
0.30400000 -22367.57731376 0.04558107
0.30440000 -22367.57684937 0.04568043
0.30480000 -22367.57639502 0.04576926
0.30520000 -22367.57592551 0.04587277
0.30560000 -22367.57547972 0.04595207
0.30600000 -22367.57500353 0.04606131
0.30640000 -22367.57452715 0.04617025
0.30680000 -22367.57406657 0.04626291
0.30720000 -22367.57358286 0.04637822
0.30760000 -22367.57312638 0.04646582
0.30800000 -22367.57266399 0.04655884
0.30840000 -22367.57221801 0.04663499
0.30880000 -22367.57175719 0.04672548
0.30920000 -22367.57128066 0.04683121
0.30960000 -22367.57079718 0.04694342
0.31000000 -22367.57034163 0.04702720
0.31040000 -22367.56987382 0.04712277
0.31080000 -22367.56942751 0.04719636
0.31120000 -22367.56893695 0.04731373
0.31160000 -22367.56846938 0.04740762
0.31200000 -22367.56798423 0.04751860
0.31240000 -22367.56750624 0.04762196
0.31280000 -22367.56703699 0.04771608
0.31320000 -22367.56658545 0.04779202
0.31360000 -22367.56611558 0.04788581
0.31400000 -22367.56562173 0.04800311
0.31440000 -22367.56513290 0.04811490
0.31480000 -22367.56467502 0.04819525
0.31520000 -22367.56416717 0.04832511
0.31560000 -22367.56370366 0.04841014
0.31600000 -22367.56322425 0.04851059
0.31640000 -22367.56274730 0.04860810
0.31680000 -22367.56227081 0.04870467
0.31720000 -22367.56178896 0.04880612
0.31760000 -22367.56130494 0.04890926
0.31800000 -22367.56081959 0.04901325
0.31840000 -22367.56034300 0.04910800
0.31880000 -22367.55987503 0.04919365
0.31920000 -22367.55935693 0.04932895
0.31960000 -22367.55889344 0.04940916
0.32000000 -22367.55838577 0.04953307
0.32040000 -22367.55791832 0.04961627
0.32080000 -22367.55744042 0.04970946
0.32120000 -22367.55695684 0.04980783
0.32160000 -22367.55647062 0.04990837
0.32200000 -22367.55595880 0.05003404
0.32240000 -22367.55549067 0.05011553
0.32280000 -22367.55499384 0.05022524
0.32320000 -22367.55452600 0.05030548
0.32360000 -22367.55401414 0.05042925
0.32400000 -22367.55353148 0.05052336
0.32440000 -22367.55305656 0.05060924
0.32480000 -22367.55254134 0.05073494
0.32520000 -22367.55206085 0.05082542
0.32560000 -22367.55156828 0.05092752
0.32600000 -22367.55108408 0.05102076
0.32640000 -22367.55058706 0.05112634
0.32680000 -22367.55008001 0.05124146
0.32720000 -22367.54959725 0.05133183
0.32760000 -22367.54909342 0.05144278
0.32800000 -22367.54859641 0.05154643
0.32840000 -22367.54810457 0.05164443
0.32880000 -22367.54760868 0.05174600
0.32920000 -22367.54709611 0.05186377
0.32960000 -22367.54658731 0.05197729
0.33000000 -22367.54606597 0.05210287
0.33040000 -22367.54560406 0.05216854
0.33080000 -22367.54510242 0.05227346
0.33120000 -22367.54459087 0.05238781
0.33160000 -22367.54409407 0.05248693
0.33200000 -22367.54358204 0.05260080
0.33240000 -22367.54308712 0.05269708
0.33280000 -22367.54258195 0.05280313
0.33320000 -22367.54209558 0.05288990
0.33360000 -22367.54156106 0.05302433
0.33400000 -22367.54105540 0.05312944
0.33440000 -22367.54056035 0.05322345
0.33480000 -22367.54002557 0.05335670
0.33520000 -22367.53952574 0.05345454
0.33560000 -22367.53901880 0.05355899
0.33600000 -22367.53852155 0.05365329
0.33640000 -22367.53800931 0.05376209
0.33680000 -22367.53750776 0.05385971
0.33720000 -22367.53699113 0.05397195
0.33760000 -22367.53648588 0.05407232
0.33800000 -22367.53596430 0.05418854
0.33840000 -22367.53545508 0.05429192
0.33880000 -22367.53494187 0.05439881
0.33920000 -22367.53444492 0.05448896
0.33960000 -22367.53392571 0.05460089
0.34000000 -22367.53337742 0.05474142
0.34040000 -22367.53288216 0.05482844
0.34080000 -22367.53237111 0.05493077
0.34120000 -22367.53184864 0.05504404
0.34160000 -22367.53135686 0.05512614
0.34200000 -22367.53081967 0.05525317
0.34240000 -22367.53029036 0.05537184
0.34280000 -22367.52978887 0.05546221
0.34320000 -22367.52925147 0.05558801
0.34360000 -22367.52874531 0.05568209
0.34400000 -22367.52819703 0.05581781
0.34440000 -22367.52766495 0.05593685
0.34480000 -22367.52717357 0.05601471
0.34520000 -22367.52665054 0.05612374
0.34560000 -22367.52612382 0.05623598
0.34600000 -22367.52558416 0.05636068
0.34640000 -22367.52508311 0.05644629
0.34680000 -22367.52453851 0.05657496
0.34720000 -22367.52400744 0.05668963
0.34760000 -22367.52348997 0.05679023
0.34800000 -22367.52294205 0.05692079
0.34840000 -22367.52245068 0.05699432
0.34880000 -22367.52188722 0.05713945
0.34920000 -22367.52138119 0.05722669
0.34960000 -22367.52086183 0.05732677
0.35000000 -22367.52032599 0.05744285
0.35040000 -22367.51979309 0.05755550
0.35080000 -22367.51923261 0.05769527
0.35120000 -22367.51872648 0.05778020
0.35160000 -22367.51818602 0.05789898
0.35200000 -22367.51765844 0.05800440
0.35240000 -22367.51713118 0.05810901
0.35280000 -22367.51659253 0.05822455
0.35320000 -22367.51605845 0.05833503
0.35360000 -22367.51551062 0.05845878
0.35400000 -22367.51494853 0.05859631
0.35440000 -22367.51445446 0.05866534
0.35480000 -22367.51389495 0.05879933
0.35520000 -22367.51334747 0.05892081
0.35560000 -22367.51280639 0.05903540
0.35600000 -22367.51228343 0.05913141
0.35640000 -22367.51173323 0.05925417
0.35680000 -22367.51120181 0.05935766
0.35720000 -22367.51067574 0.05945533
0.35760000 -22367.51011166 0.05959054
0.35800000 -22367.50957796 0.05969487
0.35840000 -22367.50904042 0.05980258
0.35880000 -22367.50846528 0.05994740
0.35920000 -22367.50792576 0.06005612
0.35960000 -22367.50737240 0.06017820
0.36000000 -22367.50684310 0.06027574
0.36040000 -22367.50629499 0.06039161
0.36080000 -22367.50573056 0.06052332
0.36120000 -22367.50520889 0.06061178
0.36160000 -22367.50466748 0.06071952
0.36200000 -22367.50409921 0.06085362
0.36240000 -22367.50353746 0.06098073
0.36280000 -22367.50298506 0.06109802
0.36320000 -22367.50244565 0.06120183
0.36360000 -22367.50191557 0.06129583
0.36400000 -22367.50133639 0.06143844
0.36440000 -22367.50078305 0.06155474
0.36480000 -22367.50028232 0.06161796
0.36520000 -22367.49971113 0.06175115
0.36560000 -22367.49911739 0.06190641
0.36600000 -22367.49856780 0.06201704
0.36640000 -22367.49801580 0.06212959
0.36680000 -22367.49746847 0.06223701
0.36720000 -22367.49688065 0.06238443
0.36760000 -22367.49634394 0.06248025
0.36800000 -22367.49579071 0.06259213
0.36840000 -22367.49523023 0.06271077
0.36880000 -22367.49466851 0.06283017
0.36920000 -22367.49410787 0.06294801
0.36960000 -22367.49357039 0.06304221
0.37000000 -22367.49297866 0.06319018
0.37040000 -22367.49243844 0.06328615
0.37080000 -22367.49186701 0.06341287
0.37120000 -22367.49129218 0.06354249
0.37160000 -22367.49075519 0.06363381
0.37200000 -22367.49018002 0.06376282
0.37240000 -22367.48959278 0.06390342
0.37280000 -22367.48903000 0.06401907
0.37320000 -22367.48847067 0.06413081
0.37360000 -22367.48790695 0.06424645
0.37400000 -22367.48732247 0.06438237
0.37440000 -22367.48677780 0.06447800
0.37480000 -22367.48619023 0.06461604
0.37520000 -22367.48561724 0.06473904
0.37560000 -22367.48504849 0.06485731
0.37600000 -22367.48450154 0.06495330
0.37640000 -22367.48391282 0.06509058
0.37680000 -22367.48335730 0.06519418
0.37720000 -22367.48277094 0.06532814
0.37760000 -22367.48221197 0.06543423
0.37800000 -22367.48161319 0.06557965
0.37840000 -22367.48104908 0.06568992
0.37880000 -22367.48046763 0.06581704
0.37920000 -22367.47990710 0.06592278
0.37960000 -22367.47932902 0.06604558
0.38000000 -22367.47875470 0.06616414
0.38040000 -22367.47814405 0.06631855
0.38080000 -22367.47759726 0.06640862
0.38120000 -22367.47699884 0.06654983
0.38160000 -22367.47645315 0.06663785
0.38200000 -22367.47584482 0.06678801
0.38240000 -22367.47528259 0.06689161
0.38280000 -22367.47470304 0.06701204
0.38320000 -22367.47411562 0.06713986
0.38360000 -22367.47354143 0.06725397
0.38400000 -22367.47294590 0.06738894
0.38440000 -22367.47234052 0.06753328
0.38480000 -22367.47179074 0.06762154
0.38520000 -22367.47120224 0.06774804
0.38560000 -22367.47061752 0.06787028
0.38600000 -22367.47002167 0.06800317
0.38640000 -22367.46944379 0.06811760
0.38680000 -22367.46885092 0.06824656
0.38720000 -22367.46827205 0.06836103
0.38760000 -22367.46766663 0.06850157
0.38800000 -22367.46706880 0.06863404
0.38840000 -22367.46650025 0.06873675
0.38880000 -22367.46588077 0.06888991
0.38920000 -22367.46530269 0.06900118
0.38960000 -22367.46473077 0.06910583
0.39000000 -22367.46414253 0.06922631
0.39040000 -22367.46351379 0.06938681
0.39080000 -22367.46294862 0.06948326
0.39120000 -22367.46235090 0.06961178
0.39160000 -22367.46175725 0.06973574
0.39200000 -22367.46112068 0.06990216
0.39240000 -22367.46056414 0.06998806
0.39280000 -22367.45995095 0.07013013
0.39320000 -22367.45936870 0.07024078
0.39360000 -22367.45875553 0.07038187
0.39400000 -22367.45814145 0.07052339
0.39440000 -22367.45757898 0.07061282
0.39480000 -22367.45696002 0.07075826
0.39520000 -22367.45637212 0.07087216
0.39560000 -22367.45577813 0.07099167
0.39600000 -22367.45516812 0.07112672
0.39640000 -22367.45456499 0.07125441
0.39680000 -22367.45395740 0.07138607
0.39720000 -22367.45335745 0.07150962
0.39760000 -22367.45274554 0.07164466
0.39800000 -22367.45214619 0.07176664
0.39840000 -22367.45154872 0.07188628
0.39880000 -22367.45093511 0.07202157
0.39920000 -22367.45033936 0.07213852
0.39960000 -22367.44970798 0.07229062
0.40000000 -22367.44910921 0.07240963
0.40040000 -22367.44848653 0.07255206
0.40080000 -22367.44791672 0.07264116
0.40120000 -22367.44729452 0.07278216
0.40160000 -22367.44668941 0.07290559
0.40200000 -22367.44606928 0.07304356
0.40240000 -22367.44544866 0.07318154
0.40280000 -22367.44485264 0.07329444
0.40320000 -22367.44424835 0.07341513
0.40360000 -22367.44363654 0.07354285
0.40400000 -22367.44300648 0.07368836
0.40440000 -22367.44240841 0.07380139
0.40480000 -22367.44181883 0.07390545
0.40520000 -22367.44117358 0.07406470
0.40560000 -22367.44055345 0.07419835
0.40600000 -22367.43995871 0.07430613
0.40640000 -22367.43933284 0.07444456
0.40680000 -22367.43870534 0.07458414
0.40720000 -22367.43808921 0.07471187
0.40760000 -22367.43747773 0.07483447
0.40800000 -22367.43684347 0.07497937
0.40840000 -22367.43624823 0.07508477
0.40880000 -22367.43559276 0.07524991
0.40920000 -22367.43499483 0.07535705
0.40960000 -22367.43435836 0.07550223
0.41000000 -22367.43372289 0.07564594
0.41040000 -22367.43310663 0.07576997
0.41080000 -22367.43248688 0.07589700
0.41120000 -22367.43186186 0.07602882
0.41160000 -22367.43121351 0.07618348
0.41200000 -22367.43060202 0.07630082
0.41240000 -22367.42998554 0.07642266
0.41280000 -22367.42935056 0.07656252
0.41320000 -22367.42871653 0.07670094
0.41360000 -22367.42811282 0.07680858
0.41400000 -22367.42746834 0.07695649
0.41440000 -22367.42683976 0.07708804
0.41480000 -22367.42622780 0.07720248
0.41520000 -22367.42557914 0.07735313
0.41560000 -22367.42497095 0.07746285
0.41600000 -22367.42430362 0.07763122
0.41640000 -22367.42367243 0.07776296
0.41680000 -22367.42306341 0.07787207
0.41720000 -22367.42240650 0.07802858
0.41760000 -22367.42175476 0.07817943
0.41800000 -22367.42113983 0.07829301
0.41840000 -22367.42050894 0.07842206
0.41880000 -22367.41987642 0.07855226
0.41920000 -22367.41922048 0.07870540
0.41960000 -22367.41858951 0.07883309
0.42000000 -22367.41793633 0.07898251
0.42040000 -22367.41733241 0.07908219
0.42080000 -22367.41668216 0.07922772
0.42120000 -22367.41604725 0.07935742
0.42160000 -22367.41540723 0.07949177
0.42200000 -22367.41474154 0.07965130
0.42240000 -22367.41412384 0.07976235
0.42280000 -22367.41348547 0.07989360
0.42320000 -22367.41282065 0.08005083
0.42360000 -22367.41215622 0.08020718
0.42400000 -22367.41151489 0.08033995
0.42440000 -22367.41088950 0.08045630
0.42480000 -22367.41025333 0.08058295
0.42520000 -22367.40961984 0.08070644
0.42560000 -22367.40895749 0.08085831
0.42600000 -22367.40829796 0.08100688
0.42640000 -22367.40763244 0.08116096
0.42680000 -22367.40701811 0.08126337
0.42720000 -22367.40637415 0.08139493
0.42760000 -22367.40573276 0.08152344
0.42800000 -22367.40506378 0.08167906
0.42840000 -22367.40439723 0.08183177
0.42880000 -22367.40374913 0.08196555
0.42920000 -22367.40310957 0.08209031
0.42960000 -22367.40246635 0.08221825
0.43000000 -22367.40177923 0.08238961
0.43040000 -22367.40112794 0.08252466
0.43080000 -22367.40048574 0.08265013
0.43120000 -22367.39983397 0.08278471
0.43160000 -22367.39917342 0.08292758
0.43200000 -22367.39853157 0.08305127
0.43240000 -22367.39785955 0.08320465
0.43280000 -22367.39721114 0.08333393
0.43320000 -22367.39653049 0.08349499
0.43360000 -22367.39587943 0.08362597
0.43400000 -22367.39520803 0.08377681
0.43440000 -22367.39455108 0.08391272
0.43480000 -22367.39390365 0.08403862
0.43520000 -22367.39325956 0.08416072
0.43560000 -22367.39257581 0.08432199
0.43600000 -22367.39191365 0.08446118
0.43640000 -22367.39124798 0.08460341
0.43680000 -22367.39059713 0.08473035
0.43720000 -22367.38990641 0.08489667
0.43760000 -22367.38923465 0.08504355
0.43800000 -22367.38859324 0.08515960
0.43840000 -22367.38792211 0.08530489
0.43880000 -22367.38726102 0.08543966
0.43920000 -22367.38659879 0.08557509
0.43960000 -22367.38590393 0.08574267
0.44000000 -22367.38526223 0.08585661
0.44040000 -22367.38456863 0.08602197
0.44080000 -22367.38392478 0.08613710
0.44120000 -22367.38323914 0.08629354
0.44160000 -22367.38253838 0.08646461
0.44200000 -22367.38187701 0.08659583
0.44240000 -22367.38122589 0.08671630
0.44280000 -22367.38053246 0.08687862
0.44320000 -22367.37988262 0.08699686
0.44360000 -22367.37920815 0.08713925
0.44400000 -22367.37851616 0.08729868
0.44440000 -22367.37783518 0.08744662
0.44480000 -22367.37714497 0.08760331
0.44520000 -22367.37648374 0.08773054
0.44560000 -22367.37583320 0.08784659
0.44600000 -22367.37514154 0.08800329
0.44640000 -22367.37446439 0.08814501
0.44680000 -22367.37377785 0.08829563
0.44720000 -22367.37308906 0.08844802
0.44760000 -22367.37240960 0.08859060
0.44800000 -22367.37172410 0.08873873
0.44840000 -22367.37106360 0.08886140
0.44880000 -22367.37036129 0.08902539
0.44920000 -22367.36970051 0.08914737
0.44960000 -22367.36897816 0.08933044
0.45000000 -22367.36830504 0.08946380
0.45040000 -22367.36763758 0.08959102
0.45080000 -22367.36698151 0.08970637
0.45120000 -22367.36626714 0.08987954
0.45160000 -22367.36556285 0.09004215
0.45200000 -22367.36489172 0.09017111
0.45240000 -22367.36420455 0.09031565
0.45280000 -22367.36349651 0.09048057
0.45320000 -22367.36278906 0.09064442
0.45360000 -22367.36211866 0.09077074
0.45400000 -22367.36141951 0.09092533
0.45440000 -22367.36075820 0.09104159
0.45480000 -22367.36005971 0.09119457
0.45520000 -22367.35936541 0.09134287
0.45560000 -22367.35868078 0.09148102
0.45600000 -22367.35798836 0.09162648
0.45640000 -22367.35729473 0.09177267
0.45680000 -22367.35661130 0.09190818
0.45720000 -22367.35591172 0.09205936
0.45760000 -22367.35520300 0.09221920
0.45800000 -22367.35450179 0.09237105
0.45840000 -22367.35378693 0.09253606
0.45880000 -22367.35310632 0.09266636
0.45920000 -22367.35239433 0.09282755
0.45960000 -22367.35167564 0.09299496
0.46000000 -22367.35100901 0.09310983
0.46040000 -22367.35030486 0.09326174
0.46080000 -22367.34960639 0.09340749
0.46120000 -22367.34889761 0.09356307
0.46160000 -22367.34821033 0.09369667
0.46200000 -22367.34749701 0.09385583
0.46240000 -22367.34680944 0.09398876
0.46280000 -22367.34609206 0.09415101
0.46320000 -22367.34539277 0.09429471
0.46360000 -22367.34467868 0.09445272
0.46400000 -22367.34395679 0.09461805
0.46440000 -22367.34324523 0.09477256
0.46480000 -22367.34254490 0.09491538
0.46520000 -22367.34185895 0.09504333
0.46560000 -22367.34111990 0.09522390
0.46600000 -22367.34046330 0.09532153
0.46640000 -22367.33971532 0.09551008
0.46680000 -22367.33902954 0.09563594
0.46720000 -22367.33830221 0.09580287
0.46760000 -22367.33759080 0.09595340
0.46800000 -22367.33687639 0.09610645
0.46840000 -22367.33615833 0.09626266
0.46880000 -22367.33544848 0.09641020
0.46920000 -22367.33473452 0.09656136
0.46960000 -22367.33402248 0.09671011
0.47000000 -22367.33330832 0.09686052
0.47040000 -22367.33259547 0.09700912
0.47080000 -22367.33189620 0.09714368
0.47120000 -22367.33116446 0.09731022
0.47160000 -22367.33042730 0.09748170
0.47200000 -22367.32970134 0.09764149
0.47240000 -22367.32896541 0.09781079
0.47280000 -22367.32827832 0.09793076
0.47320000 -22367.32758861 0.09805287
0.47360000 -22367.32686211 0.09821129
0.47400000 -22367.32611938 0.09838546
0.47440000 -22367.32541219 0.09852360
0.47480000 -22367.32468440 0.09868188
0.47520000 -22367.32395960 0.09883667
0.47560000 -22367.32324586 0.09897994
0.47600000 -22367.32250689 0.09914795
0.47640000 -22367.32180245 0.09928095
0.47680000 -22367.32105596 0.09945552
0.47720000 -22367.32033004 0.09960903
0.47760000 -22367.31958722 0.09977898
0.47800000 -22367.31887288 0.09991996
0.47840000 -22367.31815299 0.10006601
0.47880000 -22367.31740858 0.10023609
0.47920000 -22367.31669928 0.10037060
0.47960000 -22367.31598733 0.10050727
0.48000000 -22367.31523052 0.10068832
0.48040000 -22367.31449454 0.10084805
0.48080000 -22367.31375931 0.10100657
0.48120000 -22367.31303592 0.10115276
0.48160000 -22367.31229655 0.10131445
0.48200000 -22367.31157429 0.10145855
0.48240000 -22367.31082971 0.10162449
0.48280000 -22367.31009655 0.10177853
0.48320000 -22367.30936039 0.10193509
0.48360000 -22367.30861140 0.10210400
0.48400000 -22367.30790347 0.10223137
0.48440000 -22367.30714709 0.10240671
0.48480000 -22367.30642783 0.10254445
0.48520000 -22367.30567186 0.10271842
0.48560000 -22367.30493466 0.10287313
0.48600000 -22367.30418425 0.10304059
0.48640000 -22367.30347077 0.10317062
0.48680000 -22367.30267608 0.10338140
0.48720000 -22367.30199300 0.10348008
0.48760000 -22367.30124296 0.10364524
0.48800000 -22367.30048816 0.10381467
0.48840000 -22367.29975367 0.10396332
0.48880000 -22367.29900441 0.10412627
0.48920000 -22367.29824883 0.10429505
0.48960000 -22367.29751239 0.10444421
0.49000000 -22367.29679835 0.10457049
0.49040000 -22367.29604116 0.10473944
0.49080000 -22367.29526070 0.10493117
0.49120000 -22367.29454393 0.10505874
0.49160000 -22367.29377546 0.10523753
0.49200000 -22367.29304550 0.10537734
0.49240000 -22367.29227492 0.10555728
0.49280000 -22367.29153347 0.10570760
0.49320000 -22367.29075776 0.10589171
0.49360000 -22367.29003308 0.10602432
0.49400000 -22367.28927687 0.10618796
0.49440000 -22367.28850313 0.10636867
0.49480000 -22367.28777106 0.10650722
0.49520000 -22367.28701978 0.10666450
0.49560000 -22367.28625943 0.10683037
0.49600000 -22367.28549736 0.10699748
0.49640000 -22367.28472278 0.10717662
0.49680000 -22367.28394773 0.10735575
0.49720000 -22367.28325333 0.10745375
0.49760000 -22367.28248510 0.10762510
0.49800000 -22367.28172983 0.10778300
0.49840000 -22367.28096657 0.10794842
0.49880000 -22367.28020650 0.10811018
0.49920000 -22367.27945094 0.10826694
0.49960000 -22367.27866373 0.10845486
0.50000000 -22367.27793121 0.10858763
0.50040000 -22367.27715008 0.10876851
0.50080000 -22367.27640441 0.10891347
0.50120000 -22367.27564907 0.10906761
0.50160000 -22367.27488726 0.10922774
0.50200000 -22367.27410691 0.10940592
0.50240000 -22367.27333914 0.10957106
0.50280000 -22367.27257320 0.10973388
0.50320000 -22367.27183374 0.10986974
0.50360000 -22367.27105878 0.11004062
0.50400000 -22367.27029652 0.11019832
0.50440000 -22367.26953733 0.11035246
0.50480000 -22367.26876618 0.11051810
0.50520000 -22367.26795186 0.11072641
0.50560000 -22367.26718399 0.11088780
0.50600000 -22367.26642459 0.11104025
0.50640000 -22367.26568634 0.11117105
0.50680000 -22367.26491003 0.11133945
0.50720000 -22367.26412937 0.11151171
0.50760000 -22367.26333836 0.11169384
0.50800000 -22367.26258187 0.11184096
0.50840000 -22367.26181115 0.11200184
0.50880000 -22367.26103922 0.11216345
0.50920000 -22367.26024168 0.11235020
0.50960000 -22367.25948479 0.11249581
0.51000000 -22367.25870091 0.11266793
0.51040000 -22367.25790413 0.11285247
0.51080000 -22367.25713987 0.11300401
0.51120000 -22367.25636642 0.11316425
0.51160000 -22367.25558482 0.11333218
0.51200000 -22367.25481083 0.11349200
0.51240000 -22367.25401952 0.11366868
0.51280000 -22367.25325716 0.11381591
0.51320000 -22367.25245664 0.11400084
0.51360000 -22367.25169234 0.11414906
0.51400000 -22367.25091010 0.11431474
0.51440000 -22367.25012288 0.11448492
0.51480000 -22367.24932559 0.11466468
0.51520000 -22367.24857273 0.11479955
0.51560000 -22367.24776683 0.11498696
0.51600000 -22367.24699157 0.11514327
0.51640000 -22367.24619449 0.11532091
0.51680000 -22367.24540417 0.11549131
0.51720000 -22367.24461557 0.11565951
0.51760000 -22367.24383915 0.11581505
0.51800000 -22367.24304798 0.11598486
0.51840000 -22367.24227007 0.11614093
0.51880000 -22367.24149282 0.11629586
0.51920000 -22367.24068142 0.11648446
0.51960000 -22367.23990031 0.11664229
0.52000000 -22367.23909194 0.11682690
0.52040000 -22367.23831592 0.11697868
0.52080000 -22367.23752141 0.11714847
0.52120000 -22367.23672762 0.11731706
0.52160000 -22367.23593539 0.11748361
0.52200000 -22367.23515733 0.11763551
0.52240000 -22367.23431868 0.11784752
0.52280000 -22367.23355615 0.11798293
0.52320000 -22367.23275353 0.11815795
0.52360000 -22367.23194437 0.11833903
0.52400000 -22367.23116903 0.11848581
0.52440000 -22367.23034211 0.11868369
0.52480000 -22367.22955047 0.11884580
0.52520000 -22367.22875229 0.11901399
0.52560000 -22367.22796057 0.11917523
0.52600000 -22367.22716003 0.11934480
0.52640000 -22367.22635539 0.11951801
0.52680000 -22367.22556929 0.11967219
0.52720000 -22367.22474705 0.11986203
0.52760000 -22367.22395500 0.12002120
0.52800000 -22367.22314684 0.12019600
0.52840000 -22367.22233590 0.12037310
0.52880000 -22367.22153928 0.12053539
0.52920000 -22367.22072712 0.12071276
0.52960000 -22367.21992379 0.12088081
0.53000000 -22367.21911634 0.12105249
0.53040000 -22367.21831488 0.12121772
0.53080000 -22367.21749025 0.12140563
0.53120000 -22367.21669433 0.12156435
0.53160000 -22367.21589050 0.12173050
0.53200000 -22367.21505323 0.12192961
0.53240000 -22367.21428430 0.12205990
0.53280000 -22367.21344338 0.12226170
0.53320000 -22367.21265896 0.12240652
0.53360000 -22367.21182477 0.12260063
0.53400000 -22367.21102506 0.12275978
0.53440000 -22367.21017835 0.12296545
0.53480000 -22367.20940702 0.12309526
0.53520000 -22367.20858931 0.12327097
0.53560000 -22367.20777244 0.12344536
0.53600000 -22367.20695087 0.12362396
0.53640000 -22367.20611292 0.12381848
0.53680000 -22367.20530893 0.12397855
0.53720000 -22367.20447116 0.12417192
0.53760000 -22367.20368839 0.12430981
0.53800000 -22367.20287506 0.12447778
0.53840000 -22367.20204618 0.12466081
0.53880000 -22367.20122302 0.12483766
0.53920000 -22367.20040278 0.12501110
0.53960000 -22367.19956164 0.12520496
0.54000000 -22367.19877233 0.12534651
0.54040000 -22367.19793921 0.12553138
0.54080000 -22367.19709582 0.12572606
0.54120000 -22367.19628972 0.12588295
0.54160000 -22367.19545184 0.12607116
0.54200000 -22367.19463810 0.12623474
0.54240000 -22367.19383231 0.12638988
0.54280000 -22367.19299668 0.12657439
0.54320000 -22367.19215108 0.12676840
0.54360000 -22367.19130846 0.12695894
0.54400000 -22367.19050167 0.12711317
0.54440000 -22367.18966607 0.12729573
0.54480000 -22367.18887105 0.12743723
0.54520000 -22367.18802345 0.12763083
0.54560000 -22367.18719385 0.12780595
0.54600000 -22367.18633764 0.12800719
0.54640000 -22367.18552303 0.12816637
0.54680000 -22367.18469336 0.12834012
0.54720000 -22367.18386839 0.12850869
0.54760000 -22367.18302552 0.12869468
0.54800000 -22367.18220282 0.12886001
0.54840000 -22367.18135803 0.12904697
0.54880000 -22367.18052205 0.12922463
0.54920000 -22367.17969246 0.12939542
0.54960000 -22367.17885542 0.12957318
0.55000000 -22367.17802506 0.12974378
0.55040000 -22367.17716953 0.12993907
0.55080000 -22367.17634300 0.13010488
0.55120000 -22367.17548508 0.13030160
0.55160000 -22367.17466984 0.13045515
0.55200000 -22367.17384827 0.13061457
0.55240000 -22367.17298317 0.13081703
0.55280000 -22367.17214540 0.13099168
0.55320000 -22367.17130002 0.13117346
0.55360000 -22367.17044997 0.13135943
0.55400000 -22367.16962497 0.13151986
0.55440000 -22367.16877370 0.13170609
0.55480000 -22367.16793618 0.13187810
0.55520000 -22367.16707456 0.13207372
0.55560000 -22367.16624924 0.13223255
0.55600000 -22367.16540110 0.13241373
0.55640000 -22367.16454957 0.13259783
0.55680000 -22367.16372575 0.13275373
0.55720000 -22367.16284557 0.13296550
0.55760000 -22367.16200461 0.13313759
0.55800000 -22367.16116091 0.13331193
0.55840000 -22367.16030998 0.13349302
0.55880000 -22367.15947161 0.13366107
0.55920000 -22367.15861036 0.13385152
0.55960000 -22367.15777710 0.13401350
0.56000000 -22367.15690125 0.13421759
0.56040000 -22367.15606569 0.13438090
0.56080000 -22367.15522360 0.13455028
0.56120000 -22367.15434677 0.13475391
0.56160000 -22367.15349593 0.13493107
0.56200000 -22367.15264499 0.13510785
0.56240000 -22367.15175502 0.13532318
0.56280000 -22367.15093100 0.13547208
0.56320000 -22367.15005811 0.13566937
0.56360000 -22367.14922450 0.13582690
0.56400000 -22367.14835232 0.13602252
0.56440000 -22367.14752669 0.13617111
0.56480000 -22367.14662847 0.13639181
0.56520000 -22367.14578100 0.13656128
0.56560000 -22367.14489986 0.13676394
0.56600000 -22367.14406317 0.13692167
0.56640000 -22367.14321535 0.13709005
0.56680000 -22367.14235741 0.13726807
0.56720000 -22367.14149574 0.13744934
0.56760000 -22367.14063199 0.13763221
0.56800000 -22367.13976136 0.13782148
0.56840000 -22367.13888572 0.13801528
0.56880000 -22367.13801332 0.13820536
0.56920000 -22367.13716489 0.13837099
0.56960000 -22367.13631033 0.13854227
0.57000000 -22367.13543121 0.13873763
0.57040000 -22367.13455526 0.13892934
0.57080000 -22367.13368518 0.13911470
0.57120000 -22367.13280096 0.13931372
0.57160000 -22367.13196025 0.13946875
0.57200000 -22367.13107976 0.13966308
0.57240000 -22367.13020648 0.13984972
0.57280000 -22367.12932810 0.14004098
0.57320000 -22367.12845351 0.14022796
0.57360000 -22367.12756245 0.14043095
0.57400000 -22367.12672044 0.14058440
0.57440000 -22367.12584748 0.14076832
0.57480000 -22367.12497471 0.14095157
0.57520000 -22367.12409727 0.14113901
0.57560000 -22367.12321879 0.14132701
0.57600000 -22367.12235824 0.14149660
0.57640000 -22367.12150449 0.14165891
0.57680000 -22367.12059182 0.14187966
0.57720000 -22367.11973126 0.14204781
0.57760000 -22367.11884171 0.14224449
0.57800000 -22367.11795823 0.14243461
0.57840000 -22367.11708927 0.14260973
0.57880000 -22367.11620092 0.14280375
0.57920000 -22367.11532235 0.14298753
0.57960000 -22367.11443093 0.14318366
0.58000000 -22367.11353877 0.14338006
0.58040000 -22367.11263507 0.14358753
0.58080000 -22367.11178374 0.14374213
0.58120000 -22367.11091621 0.14391247
0.58160000 -22367.11001160 0.14411940
0.58200000 -22367.10912018 0.14431266
0.58240000 -22367.10824128 0.14449292
0.58280000 -22367.10735729 0.14467779
0.58320000 -22367.10645469 0.14488079
0.58360000 -22367.10557374 0.14506165
0.58400000 -22367.10466962 0.14526522
0.58440000 -22367.10383242 0.14540138
0.58480000 -22367.10291409 0.14561819
0.58520000 -22367.10201728 0.14581300
0.58560000 -22367.10111339 0.14601441
0.58600000 -22367.10024591 0.14617893
0.58640000 -22367.09933262 0.14638878
0.58680000 -22367.09846225 0.14655522
0.58720000 -22367.09755321 0.14675987
0.58760000 -22367.09667547 0.14693273
0.58800000 -22367.09577140 0.14713144
0.58840000 -22367.09488810 0.14730890
0.58880000 -22367.09398390 0.14750678
0.58920000 -22367.09308261 0.14770127
0.58960000 -22367.09219194 0.14788466
0.59000000 -22367.09128985 0.14807898
0.59040000 -22367.09039039 0.14827021
0.59080000 -22367.08948136 0.14847052
0.59120000 -22367.08858781 0.14865486
0.59160000 -22367.08766279 0.14887021
0.59200000 -22367.08681890 0.14900394
0.59240000 -22367.08588648 0.14922572
0.59280000 -22367.08499475 0.14940633
0.59320000 -22367.08406822 0.14962125
0.59360000 -22367.08316778 0.14980962
0.59400000 -22367.08224254 0.15002230
0.59440000 -22367.08137665 0.15017514
0.59480000 -22367.08046046 0.15037782
0.59520000 -22367.07954576 0.15057851
0.59560000 -22367.07866979 0.15074001
0.59600000 -22367.07775940 0.15093544
0.59640000 -22367.07683325 0.15114615
0.59680000 -22367.07591885 0.15134463
0.59720000 -22367.07503545 0.15151163
0.59760000 -22367.07412167 0.15170853
0.59800000 -22367.07321338 0.15189945
0.59840000 -22367.07230684 0.15208816
0.59880000 -22367.07138404 0.15229264
0.59920000 -22367.07049266 0.15246522
0.59960000 -22367.06955588 0.15268272
0.60000000 -22367.06866781 0.15285103
0.60040000 -22367.06775600 0.15304260
0.60080000 -22367.06684873 0.15322915
0.60120000 -22367.06592128 0.15343540
0.60160000 -22367.06499738 0.15363762
0.60200000 -22367.06408510 0.15382773
0.60240000 -22367.06314523 0.15404497
0.60280000 -22367.06225556 0.15421152
0.60320000 -22367.06135368 0.15438980
0.60360000 -22367.06041200 0.15460740
