# strain(%), energy_raw(eV), energy(eV)
0.34160000 -22367.52430767 0.06217533
0.34200000 -22367.52373985 0.06233299
0.34240000 -22367.52322402 0.06243818
0.34280000 -22367.52268407 0.06256701
0.34320000 -22367.52214824 0.06269123
0.34360000 -22367.52160194 0.06282545
0.34400000 -22367.52106739 0.06294745
0.34440000 -22367.52051902 0.06308278
0.34480000 -22367.51999031 0.06319797
0.34520000 -22367.51946591 0.06330837
0.34560000 -22367.51892146 0.06343833
0.34600000 -22367.51836779 0.06357705
0.34640000 -22367.51784649 0.06368291
0.34680000 -22367.51731773 0.06379575
0.34720000 -22367.51675929 0.06393779
0.34760000 -22367.51623629 0.06404391
0.34800000 -22367.51569512 0.06416772
0.34840000 -22367.51514388 0.06430112
0.34880000 -22367.51460542 0.06442126
0.34920000 -22367.51407094 0.06453693
0.34960000 -22367.51352409 0.06466451
0.35000000 -22367.51298348 0.06478536
0.35040000 -22367.51244009 0.06490851
0.35080000 -22367.51192755 0.06500033
0.35120000 -22367.51135678 0.06514990
0.35160000 -22367.51080599 0.06527901
0.35200000 -22367.51025873 0.06540411
0.35240000 -22367.50969993 0.06554027
0.35280000 -22367.50916897 0.06564811
0.35320000 -22367.50862693 0.06576655
0.35360000 -22367.50807450 0.06589490
0.35400000 -22367.50753387 0.06601096
0.35440000 -22367.50698772 0.06613208
0.35480000 -22367.50643655 0.06625773
0.35520000 -22367.50588423 0.06638405
0.35560000 -22367.50533741 0.06650438
0.35600000 -22367.50478753 0.06662731
0.35640000 -22367.50424239 0.06674501
0.35680000 -22367.50369376 0.06686572
0.35720000 -22367.50312119 0.06700989
0.35760000 -22367.50258746 0.06711474
0.35800000 -22367.50202597 0.06724687
0.35840000 -22367.50147983 0.06736316
0.35880000 -22367.50093474 0.06747794
0.35920000 -22367.50036043 0.06762144
0.35960000 -22367.49978464 0.06776596
0.36000000 -22367.49925365 0.06786519
0.36040000 -22367.49870103 0.06798557
0.36080000 -22367.49815621 0.06809766
0.36120000 -22367.49758577 0.06823491
0.36160000 -22367.49703100 0.06835599
0.36200000 -22367.49647927 0.06847357
0.36240000 -22367.49588901 0.06862919
0.36280000 -22367.49536778 0.06871529
0.36320000 -22367.49477758 0.06886989
0.36360000 -22367.49424342 0.06896797
0.36400000 -22367.49367154 0.06910330
0.36440000 -22367.49309994 0.06923785
0.36480000 -22367.49254813 0.06935215
0.36520000 -22367.49196406 0.06949822
0.36560000 -22367.49142780 0.06959599
0.36600000 -22367.49086348 0.06972136
0.36640000 -22367.49029978 0.06984562
0.36680000 -22367.48972114 0.06998434
0.36720000 -22367.48914996 0.07011512
0.36760000 -22367.48860091 0.07022329
0.36800000 -22367.48803063 0.07035221
0.36840000 -22367.48745236 0.07048864
0.36880000 -22367.48686565 0.07063303
0.36920000 -22367.48632458 0.07073130
0.36960000 -22367.48575272 0.07085988
0.37000000 -22367.48517668 0.07099216
0.37040000 -22367.48459672 0.07112788
0.37080000 -22367.48405270 0.07122718
0.37120000 -22367.48345285 0.07138182
0.37160000 -22367.48289546 0.07149353
0.37200000 -22367.48232672 0.07161612
0.37240000 -22367.48175112 0.07174507
0.37280000 -22367.48118487 0.07186421
0.37320000 -22367.48059201 0.07200947
0.37360000 -22367.48002308 0.07213031
0.37400000 -22367.47944479 0.07226005
0.37440000 -22367.47889524 0.07236056
0.37480000 -22367.47829945 0.07250683
0.37520000 -22367.47773913 0.07261714
0.37560000 -22367.47716510 0.07274069
0.37600000 -22367.47655849 0.07289635
0.37640000 -22367.47597884 0.07302456
0.37680000 -22367.47540924 0.07314224
0.37720000 -22367.47479666 0.07330242
0.37760000 -22367.47423520 0.07341100
0.37800000 -22367.47367322 0.07351962
0.37840000 -22367.47308533 0.07365367
0.37880000 -22367.47248862 0.07379606
0.37920000 -22367.47190423 0.07392565
0.37960000 -22367.47133395 0.07404065
0.38000000 -22367.47075375 0.07416509
0.38040000 -22367.47014353 0.07431906
0.38080000 -22367.46956918 0.07443670
0.38120000 -22367.46899930 0.07454938
0.38160000 -22367.46842749 0.07466351
0.38200000 -22367.46780374 0.07482910
0.38240000 -22367.46722644 0.07494776
0.38280000 -22367.46663180 0.07508328
0.38320000 -22367.46606481 0.07519066
0.38360000 -22367.46545587 0.07533952
0.38400000 -22367.46486658 0.07546826
0.38440000 -22367.46426576 0.07560803
0.38480000 -22367.46369977 0.07571251
0.38520000 -22367.46307642 0.07587386
0.38560000 -22367.46249486 0.07599294
0.38600000 -22367.46188977 0.07613507
0.38640000 -22367.46131142 0.07624997
0.38680000 -22367.46074181 0.07635567
0.38720000 -22367.46011745 0.07651563
0.38760000 -22367.45951555 0.07665265
0.38800000 -22367.45893201 0.07677082
0.38840000 -22367.45831063 0.07692636
0.38880000 -22367.45773827 0.07703240
0.38920000 -22367.45714223 0.07716165
0.38960000 -22367.45653745 0.07729914
0.39000000 -22367.45594774 0.07742110
0.39040000 -22367.45533374 0.07756686
0.39080000 -22367.45473873 0.07769315
0.39120000 -22367.45414219 0.07782048
0.39160000 -22367.45351621 0.07797678
0.39200000 -22367.45293474 0.07808810
0.39240000 -22367.45232129 0.07823091
0.39280000 -22367.45173500 0.07834608
0.39320000 -22367.45112597 0.07848351
0.39360000 -22367.45052006 0.07861734
0.39400000 -22367.44989761 0.07876723
0.39440000 -22367.44930062 0.07889118
0.39480000 -22367.44868257 0.07903571
0.39520000 -22367.44808115 0.07916313
0.39560000 -22367.44747481 0.07929499
0.39600000 -22367.44687787 0.07941697
0.39640000 -22367.44626490 0.07955450
0.39680000 -22367.44564131 0.07970217
0.39720000 -22367.44505491 0.07981216
0.39760000 -22367.44442210 0.07996809
0.39800000 -22367.44381551 0.08009732
0.39840000 -22367.44322660 0.08020839
0.39880000 -22367.44260139 0.08035529
0.39920000 -22367.44200929 0.08046859
0.39960000 -22367.44136872 0.08062987
0.40000000 -22367.44076407 0.08075477
0.40040000 -22367.44016257 0.08087602
0.40080000 -22367.43952713 0.08103075
0.40120000 -22367.43892403 0.08115265
0.40160000 -22367.43830727 0.08128773
0.40200000 -22367.43768718 0.08142566
0.40240000 -22367.43704977 0.08158043
0.40280000 -22367.43644499 0.08170209
0.40320000 -22367.43582927 0.08183420
0.40360000 -22367.43521959 0.08195981
0.40400000 -22367.43458157 0.08211327
0.40440000 -22367.43396551 0.08224429
0.40480000 -22367.43336151 0.08236277
0.40520000 -22367.43269660 0.08254168
0.40560000 -22367.43208725 0.08266455
0.40600000 -22367.43148497 0.08277986
0.40640000 -22367.43086332 0.08291408
0.40680000 -22367.43021928 0.08307020
0.40720000 -22367.42960037 0.08320071
0.40760000 -22367.42896638 0.08334582
0.40800000 -22367.42836227 0.08346057
0.40840000 -22367.42775259 0.08358041
0.40880000 -22367.42709138 0.08375130
0.40920000 -22367.42649094 0.08386094
0.40960000 -22367.42584666 0.08401394
0.41000000 -22367.42521792 0.08415091
0.41040000 -22367.42460172 0.08427488
0.41080000 -22367.42397205 0.08441183
0.41120000 -22367.42330683 0.08458384
0.41160000 -22367.42270383 0.08469317
0.41200000 -22367.42209068 0.08481216
0.41240000 -22367.42143713 0.08497106
0.41280000 -22367.42079401 0.08511907
0.41320000 -22367.42016819 0.08524928
0.41360000 -22367.41953484 0.08538655
0.41400000 -22367.41888934 0.08553550
0.41440000 -22367.41820357 0.08572423
0.41480000 -22367.41762339 0.08580689
0.41520000 -22367.41698024 0.08595204
0.41560000 -22367.41636235 0.08607144
0.41600000 -22367.41570237 0.08623247
0.41640000 -22367.41509150 0.08634390
0.41680000 -22367.41443048 0.08650499
0.41720000 -22367.41380616 0.08662892
0.41760000 -22367.41315347 0.08678073
0.41800000 -22367.41251110 0.08692174
0.41840000 -22367.41188136 0.08704964
0.41880000 -22367.41122403 0.08720464
0.41920000 -22367.41058066 0.08734522
0.41960000 -22367.40994707 0.08747553
0.42000000 -22367.40930229 0.08761655
0.42040000 -22367.40866002 0.08775458
0.42080000 -22367.40803087 0.08787901
0.42120000 -22367.40737445 0.08803022
0.42160000 -22367.40671801 0.08818099
0.42200000 -22367.40606399 0.08832885
0.42240000 -22367.40543502 0.08845118
0.42280000 -22367.40475100 0.08862808
0.42320000 -22367.40412351 0.08874797
0.42360000 -22367.40346560 0.08889780
0.42400000 -22367.40284172 0.08901312
0.42440000 -22367.40216284 0.08918296
0.42480000 -22367.40153044 0.08930583
0.42520000 -22367.40089175 0.08943453
0.42560000 -22367.40023617 0.08957962
0.42600000 -22367.39959281 0.08971202
0.42640000 -22367.39891734 0.08987606
0.42680000 -22367.39828345 0.08999803
0.42720000 -22367.39759121 0.09017787
0.42760000 -22367.39692856 0.09032764
0.42800000 -22367.39628126 0.09046158
0.42840000 -22367.39564881 0.09058019
0.42880000 -22367.39497376 0.09074092
0.42920000 -22367.39431087 0.09088901
0.42960000 -22367.39366587 0.09101873
0.43000000 -22367.39300414 0.09116470
0.43040000 -22367.39234717 0.09130543
0.43080000 -22367.39167907 0.09145681
0.43120000 -22367.39101072 0.09160796
0.43160000 -22367.39036295 0.09173805
0.43200000 -22367.38968186 0.09190098
0.43240000 -22367.38904289 0.09202130
0.43280000 -22367.38836895 0.09217612
0.43320000 -22367.38771496 0.09231052
0.43360000 -22367.38707272 0.09243268
0.43400000 -22367.38640605 0.09257879
0.43440000 -22367.38572781 0.09273598
0.43480000 -22367.38505962 0.09288266
0.43520000 -22367.38438861 0.09303167
0.43560000 -22367.38373463 0.09316317
0.43600000 -22367.38303572 0.09333912
0.43640000 -22367.38233255 0.09351885
0.43680000 -22367.38173656 0.09359091
0.43720000 -22367.38103022 0.09377286
0.43760000 -22367.38037459 0.09390361
0.43800000 -22367.37971547 0.09403737
0.43840000 -22367.37904061 0.09418639
0.43880000 -22367.37837196 0.09432871
0.43920000 -22367.37770712 0.09446676
0.43960000 -22367.37702287 0.09462373
0.44000000 -22367.37633873 0.09478010
0.44040000 -22367.37567763 0.09491297
0.44080000 -22367.37500345 0.09505842
0.44120000 -22367.37430783 0.09522485
0.44160000 -22367.37363691 0.09536608
0.44200000 -22367.37297748 0.09549536
0.44240000 -22367.37229483 0.09564737
0.44280000 -22367.37159866 0.09581242
0.44320000 -22367.37093110 0.09594838
0.44360000 -22367.37025411 0.09609328
0.44400000 -22367.36957326 0.09624158
0.44440000 -22367.36887446 0.09640734
0.44480000 -22367.36823592 0.09651235
0.44520000 -22367.36752997 0.09668431
0.44560000 -22367.36686379 0.09681601
0.44600000 -22367.36615786 0.09698698
0.44640000 -22367.36546361 0.09714579
0.44680000 -22367.36480568 0.09726780
0.44720000 -22367.36410405 0.09743303
0.44760000 -22367.36342699 0.09757321
0.44800000 -22367.36274437 0.09771847
0.44840000 -22367.36201059 0.09791440
0.44880000 -22367.36135971 0.09802697
0.44920000 -22367.36067657 0.09817131
0.44960000 -22367.35997736 0.09833124
0.45000000 -22367.35930025 0.09846859
0.45040000 -22367.35861887 0.09860973
0.45080000 -22367.35792757 0.09876030
0.45120000 -22367.35722984 0.09891683
0.45160000 -22367.35656207 0.09904293
0.45200000 -22367.35586621 0.09919663
0.45240000 -22367.35513914 0.09938106
0.45280000 -22367.35446001 0.09951707
0.45320000 -22367.35375044 0.09968304
0.45360000 -22367.35305294 0.09983645
0.45400000 -22367.35238009 0.09996475
0.45440000 -22367.35168781 0.10011199
0.45480000 -22367.35099613 0.10025814
0.45520000 -22367.35027913 0.10042915
0.45560000 -22367.34962294 0.10053885
0.45600000 -22367.34890567 0.10070917
0.45640000 -22367.34820690 0.10086050
0.45680000 -22367.34751334 0.10100614
0.45720000 -22367.34680113 0.10116995
0.45760000 -22367.34610629 0.10131591
0.45800000 -22367.34542202 0.10145082
0.45840000 -22367.34470675 0.10161625
0.45880000 -22367.34399819 0.10177449
0.45920000 -22367.34329581 0.10192607
0.45960000 -22367.34256649 0.10210411
0.46000000 -22367.34190299 0.10221585
0.46040000 -22367.34118757 0.10237903
0.46080000 -22367.34047064 0.10254324
0.46120000 -22367.33978464 0.10267604
0.46160000 -22367.33907958 0.10282742
0.46200000 -22367.33834218 0.10301066
0.46240000 -22367.33765286 0.10314534
0.46280000 -22367.33694986 0.10329322
0.46320000 -22367.33622792 0.10345956
0.46360000 -22367.33549367 0.10363773
0.46400000 -22367.33481335 0.10376149
0.46440000 -22367.33411959 0.10389821
0.46480000 -22367.33340970 0.10405058
0.46520000 -22367.33268333 0.10421895
0.46560000 -22367.33198004 0.10436376
0.46600000 -22367.33127437 0.10451047
0.46640000 -22367.33057767 0.10464772
0.46680000 -22367.32983621 0.10482927
0.46720000 -22367.32911676 0.10498832
0.46760000 -22367.32842179 0.10512241
0.46800000 -22367.32768016 0.10530268
0.46840000 -22367.32696193 0.10545906
0.46880000 -22367.32623144 0.10562724
0.46920000 -22367.32553063 0.10576525
0.46960000 -22367.32481737 0.10591523
0.47000000 -22367.32409299 0.10607585
0.47040000 -22367.32340358 0.10620102
0.47080000 -22367.32265069 0.10638919
0.47120000 -22367.32192642 0.10654826
0.47160000 -22367.32121391 0.10669509
0.47200000 -22367.32049838 0.10684445
0.47240000 -22367.31974877 0.10702743
0.47280000 -22367.31904711 0.10716197
0.47320000 -22367.31831288 0.10732860
0.47360000 -22367.31759647 0.10747693
0.47400000 -22367.31688618 0.10761866
0.47440000 -22367.31615675 0.10777905
0.47480000 -22367.31535563 0.10801065
0.47520000 -22367.31465909 0.10813719
0.47560000 -22367.31396646 0.10825934
0.47600000 -22367.31323767 0.10841717
0.47640000 -22367.31252728 0.10855612
0.47680000 -22367.31179493 0.10871655
0.47720000 -22367.31104864 0.10889044
0.47760000 -22367.31032358 0.10904262
0.47800000 -22367.30962417 0.10916867
0.47840000 -22367.30886800 0.10935100
0.47880000 -22367.30813950 0.10950518
0.47920000 -22367.30741267 0.10965721
0.47960000 -22367.30666742 0.10982718
0.48000000 -22367.30593891 0.10997993
0.48040000 -22367.30520326 0.11013934
0.48080000 -22367.30449355 0.11027233
0.48120000 -22367.30373931 0.11044937
0.48160000 -22367.30296719 0.11064381
0.48200000 -22367.30226474 0.11076810
0.48240000 -22367.30153522 0.11091898
0.48280000 -22367.30079503 0.11108005
0.48320000 -22367.30002314 0.11127234
0.48360000 -22367.29932617 0.11138922
0.48400000 -22367.29852964 0.11160520
0.48440000 -22367.29784145 0.11171235
0.48480000 -22367.29708578 0.11188650
0.48520000 -22367.29636139 0.11202889
0.48560000 -22367.29559443 0.11221337
0.48600000 -22367.29485210 0.11237274
0.48640000 -22367.29410189 0.11253950
0.48680000 -22367.29337649 0.11268098
0.48720000 -22367.29262580 0.11284728
0.48760000 -22367.29188696 0.11300124
0.48800000 -22367.29114672 0.11315611
0.48840000 -22367.29039957 0.11331743
0.48880000 -22367.28963923 0.11349145
0.48920000 -22367.28890715 0.11363673
0.48960000 -22367.28813802 0.11381858
0.49000000 -22367.28739534 0.11397350
0.49040000 -22367.28664515 0.11413545
0.49080000 -22367.28588216 0.11430972
0.49120000 -22367.28514620 0.11445648
0.49160000 -22367.28439000 0.11462299
0.49200000 -22367.28362201 0.11480083
0.49240000 -22367.28288616 0.11494604
0.49280000 -22367.28210710 0.11513398
0.49320000 -22367.28138131 0.11526817
0.49360000 -22367.28059844 0.11545896
0.49400000 -22367.27987724 0.11558760
0.49440000 -22367.27911260 0.11575920
0.49480000 -22367.27835966 0.11591861
0.49520000 -22367.27759272 0.11609156
0.49560000 -22367.27685346 0.11623634
0.49600000 -22367.27609164 0.11640320
0.49640000 -22367.27532989 0.11656951
0.49680000 -22367.27458569 0.11671779
0.49720000 -22367.27380304 0.11690404
0.49760000 -22367.27304088 0.11706932
0.49800000 -22367.27227362 0.11723922
0.49840000 -22367.27150645 0.11740855
0.49880000 -22367.27075110 0.11756558
0.49920000 -22367.27000503 0.11771284
0.49960000 -22367.26925257 0.11786603
0.50000000 -22367.26847887 0.11803997
0.50040000 -22367.26770585 0.11821275
0.50080000 -22367.26698305 0.11833483
0.50120000 -22367.26616984 0.11854684
0.50160000 -22367.26542102 0.11869398
0.50200000 -22367.26464192 0.11887092
0.50240000 -22367.26389050 0.11901970
0.50280000 -22367.26310980 0.11919728
0.50320000 -22367.26233228 0.11937119
0.50360000 -22367.26157111 0.11952829
0.50400000 -22367.26078093 0.11971391
0.50440000 -22367.26002634 0.11986346
0.50480000 -22367.25926171 0.12002256
0.50520000 -22367.25849994 0.12017833
0.50560000 -22367.25772428 0.12034752
0.50600000 -22367.25693999 0.12052484
0.50640000 -22367.25614133 0.12071607
0.50680000 -22367.25538713 0.12086234
0.50720000 -22367.25462842 0.12101266
0.50760000 -22367.25383646 0.12119574
0.50800000 -22367.25305352 0.12136931
0.50840000 -22367.25229396 0.12151904
0.50880000 -22367.25151277 0.12168990
0.50920000 -22367.25073416 0.12185772
0.50960000 -22367.24992400 0.12205660
0.51000000 -22367.24918342 0.12218542
0.51040000 -22367.24838776 0.12236883
0.51080000 -22367.24762399 0.12251988
0.51120000 -22367.24683563 0.12269504
0.51160000 -22367.24604768 0.12286932
0.51200000 -22367.24526601 0.12303683
0.51240000 -22367.24448271 0.12320549
0.51280000 -22367.24370859 0.12336449
0.51320000 -22367.24293353 0.12352395
0.51360000 -22367.24213624 0.12370516
0.51400000 -22367.24135282 0.12387201
0.51440000 -22367.24056416 0.12404364
0.51480000 -22367.23978434 0.12420593
0.51520000 -22367.23897957 0.12439270
0.51560000 -22367.23823704 0.12451676
0.51600000 -22367.23739734 0.12473750
0.51640000 -22367.23665682 0.12485857
0.51680000 -22367.23581988 0.12507560
0.51720000 -22367.23504405 0.12523103
0.51760000 -22367.23423541 0.12541879
0.51800000 -22367.23348894 0.12554390
0.51840000 -22367.23267207 0.12573893
0.51880000 -22367.23188114 0.12590754
0.51920000 -22367.23110104 0.12606484
0.51960000 -22367.23030641 0.12623619
0.52000000 -22367.22951469 0.12640415
0.52040000 -22367.22871763 0.12657697
0.52080000 -22367.22792064 0.12674923
0.52120000 -22367.22712716 0.12691752
0.52160000 -22367.22633902 0.12707998
0.52200000 -22367.22552059 0.12727225
0.52240000 -22367.22473361 0.12743259
0.52280000 -22367.22394349 0.12759559
0.52320000 -22367.22313140 0.12778008
0.52360000 -22367.22232370 0.12795969
0.52400000 -22367.22153767 0.12811717
0.52440000 -22367.22075757 0.12826823
0.52480000 -22367.21991775 0.12847852
0.52520000 -22367.21915309 0.12861319
0.52560000 -22367.21832513 0.12881067
0.52600000 -22367.21750528 0.12899955
0.52640000 -22367.21671124 0.12916216
0.52680000 -22367.21589532 0.12934616
0.52720000 -22367.21511442 0.12949466
0.52760000 -22367.21431122 0.12966498
0.52800000 -22367.21351833 0.12982451
0.52840000 -22367.21269651 0.13001249
0.52880000 -22367.21187802 0.13019666
0.52920000 -22367.21106533 0.13037455
0.52960000 -22367.21022229 0.13058231
0.53000000 -22367.20947402 0.13069481
0.53040000 -22367.20863609 0.13089651
0.53080000 -22367.20783607 0.13105981
0.53120000 -22367.20703093 0.13122775
0.53160000 -22367.20620792 0.13141307
0.53200000 -22367.20539741 0.13158542
0.53240000 -22367.20456848 0.13177571
0.53280000 -22367.20378951 0.13191557
0.53320000 -22367.20295582 0.13210966
0.53360000 -22367.20216884 0.13225655
0.53400000 -22367.20134783 0.13243701
0.53440000 -22367.20052616 0.13261764
0.53480000 -22367.19968793 0.13281434
0.53520000 -22367.19887899 0.13298129
0.53560000 -22367.19806880 0.13314900
0.53600000 -22367.19724944 0.13332540
0.53640000 -22367.19644154 0.13348986
0.53680000 -22367.19560298 0.13368450
0.53720000 -22367.19479998 0.13384310
0.53760000 -22367.19395720 0.13404100
0.53800000 -22367.19312753 0.13422531
0.53840000 -22367.19229600 0.13441100
0.53880000 -22367.19152400 0.13453668
0.53920000 -22367.19067342 0.13474045
0.53960000 -22367.18982663 0.13493997
0.54000000 -22367.18902579 0.13509305
0.54040000 -22367.18821072 0.13525988
0.54080000 -22367.18737799 0.13544389
0.54120000 -22367.18654734 0.13562534
0.54160000 -22367.18571831 0.13580469
0.54200000 -22367.18489041 0.13598242
0.54240000 -22367.18409183 0.13613037
0.54280000 -22367.18326260 0.13630848
0.54320000 -22367.18241721 0.13650227
0.54360000 -22367.18160620 0.13666120
0.54400000 -22367.18075228 0.13686255
0.54440000 -22367.17993270 0.13702910
0.54480000 -22367.17908671 0.13722157
0.54520000 -22367.17826449 0.13738979
0.54560000 -22367.17743063 0.13756916
0.54600000 -22367.17660359 0.13774125
0.54640000 -22367.17574895 0.13794044
0.54680000 -22367.17493551 0.13809797
0.54720000 -22367.17409407 0.13828300
0.54760000 -22367.17325475 0.13846545
0.54800000 -22367.17241569 0.13864714
0.54840000 -22367.17157209 0.13883290
0.54880000 -22367.17075117 0.13899550
0.54920000 -22367.16989691 0.13919097
0.54960000 -22367.16907632 0.13935228
0.55000000 -22367.16818498 0.13958386
0.55040000 -22367.16738761 0.13972099
0.55080000 -22367.16653804 0.13990984
0.55120000 -22367.16568350 0.14010318
0.55160000 -22367.16480943 0.14031556
0.55200000 -22367.16403104 0.14043180
0.55240000 -22367.16316509 0.14063510
0.55280000 -22367.16233574 0.14080134
0.55320000 -22367.16146355 0.14100993
0.55360000 -22367.16064838 0.14116101
0.55400000 -22367.15977901 0.14136583
0.55440000 -22367.15894142 0.14153837
0.55480000 -22367.15811110 0.14170318
0.55520000 -22367.15720732 0.14194095
0.55560000 -22367.15640070 0.14208110
0.55600000 -22367.15557049 0.14224434
0.55640000 -22367.15472095 0.14242645
0.55680000 -22367.15387496 0.14260451
0.55720000 -22367.15301225 0.14279883
0.55760000 -22367.15211635 0.14302585
0.55800000 -22367.15128813 0.14318471
0.55840000 -22367.15045412 0.14334887
0.55880000 -22367.14960081 0.14353187
0.55920000 -22367.14875806 0.14370382
0.55960000 -22367.14788960 0.14390100
0.56000000 -22367.14701597 0.14410287
0.56040000 -22367.14619208 0.14425452
0.56080000 -22367.14531197 0.14446191
0.56120000 -22367.14448151 0.14461917
0.56160000 -22367.14355350 0.14487349
0.56200000 -22367.14275083 0.14500201
0.56240000 -22367.14187237 0.14520583
0.56280000 -22367.14104858 0.14535450
0.56320000 -22367.14014215 0.14558532
0.56360000 -22367.13932534 0.14572606
0.56400000 -22367.13846416 0.14591068
0.56440000 -22367.13759178 0.14610601
0.56480000 -22367.13672362 0.14629666
0.56520000 -22367.13587834 0.14646393
0.56560000 -22367.13497442 0.14668938
0.56600000 -22367.13415512 0.14682972
0.56640000 -22367.13327186 0.14703354
0.56680000 -22367.13237140 0.14725408
0.56720000 -22367.13154461 0.14740047
0.56760000 -22367.13065110 0.14761310
0.56800000 -22367.12982013 0.14776271
0.56840000 -22367.12895597 0.14794503
0.56880000 -22367.12809286 0.14812582
0.56920000 -22367.12719881 0.14833706
0.56960000 -22367.12634632 0.14850628
0.57000000 -22367.12546037 0.14870847
0.57040000 -22367.12460446 0.14888013
0.57080000 -22367.12373684 0.14906304
0.57120000 -22367.12286788 0.14924680
0.57160000 -22367.12195043 0.14947857
0.57200000 -22367.12110731 0.14963553
0.57240000 -22367.12024123 0.14981497
0.57280000 -22367.11936536 0.15000372
0.57320000 -22367.11850107 0.15018041
0.57360000 -22367.11761111 0.15038228
0.57400000 -22367.11673464 0.15057020
0.57440000 -22367.11584401 0.15077179
0.57480000 -22367.11503084 0.15089543
0.57520000 -22367.11409066 0.15114562
0.57560000 -22367.11325714 0.15128866
0.57600000 -22367.11234240 0.15151244
0.57640000 -22367.11149205 0.15167135
0.57680000 -22367.11057722 0.15189426
0.57720000 -22367.10972511 0.15205396
0.57760000 -22367.10883760 0.15224860
0.57800000 -22367.10794249 0.15245035
0.57840000 -22367.10703311 0.15266588
0.57880000 -22367.10617607 0.15282861
0.57920000 -22367.10527161 0.15303827
0.57960000 -22367.10442014 0.15319446
0.58000000 -22367.10353819 0.15338065
0.58040000 -22367.10265879 0.15356381
0.58080000 -22367.10176270 0.15376317
0.58120000 -22367.10084925 0.15397943
0.58160000 -22367.09999363 0.15413737
0.58200000 -22367.09912576 0.15430708
0.58240000 -22367.09821260 0.15452160
0.58280000 -22367.09732525 0.15470983
0.58320000 -22367.09640925 0.15492622
0.58360000 -22367.09554550 0.15508990
0.58400000 -22367.09464095 0.15529389
0.58440000 -22367.09375603 0.15547776
0.58480000 -22367.09285551 0.15567677
0.58520000 -22367.09198339 0.15584689
0.58560000 -22367.09106181 0.15606599
0.58600000 -22367.09021131 0.15621353
0.58640000 -22367.08925689 0.15646451
0.58680000 -22367.08838950 0.15662798
0.58720000 -22367.08749600 0.15681707
0.58760000 -22367.08660567 0.15700253
0.58800000 -22367.08569954 0.15720330
0.58840000 -22367.08482783 0.15736917
0.58880000 -22367.08392255 0.15756813
0.58920000 -22367.08300066 0.15778322
0.58960000 -22367.08211058 0.15796601
0.59000000 -22367.08121076 0.15815808
0.59040000 -22367.08029273 0.15836787
0.59080000 -22367.07939992 0.15855196
0.59120000 -22367.07849974 0.15874294
0.59160000 -22367.07760776 0.15892524
0.59200000 -22367.07669503 0.15912781
0.59240000 -22367.07581151 0.15930069
0.59280000 -22367.07486392 0.15953716
0.59320000 -22367.07398310 0.15970638
0.59360000 -22367.07307419 0.15990320
0.59400000 -22367.07217131 0.16009352
0.59440000 -22367.07123271 0.16031909
0.59480000 -22367.07034040 0.16049787
0.59520000 -22367.06942744 0.16069683
0.59560000 -22367.06851940 0.16089040
0.59600000 -22367.06762193 0.16107291
0.59640000 -22367.06671234 0.16126706
0.59680000 -22367.06581276 0.16145072
0.59720000 -22367.06487724 0.16166984
0.59760000 -22367.06398628 0.16184392
0.59800000 -22367.06308046 0.16203238
0.59840000 -22367.06215812 0.16223688
0.59880000 -22367.06125975 0.16241693
0.59920000 -22367.06033162 0.16262625
0.59960000 -22367.05942725 0.16281135
0.60000000 -22367.05851897 0.16299987
0.60040000 -22367.05758671 0.16321188
0.60080000 -22367.05668219 0.16339569
0.60120000 -22367.05573108 0.16362560
0.60160000 -22367.05484325 0.16379175
0.60200000 -22367.05391657 0.16399627
0.60240000 -22367.05296108 0.16422912
0.60280000 -22367.05209961 0.16436747
0.60320000 -22367.05117207 0.16457140
0.60360000 -22367.05024847 0.16477093
0.60400000 -22367.04931970 0.16497514
0.60440000 -22367.04840264 0.16516716
0.60480000 -22367.04747649 0.16536779
0.60520000 -22367.04656990 0.16554838
0.60560000 -22367.04563605 0.16575575
0.60600000 -22367.04471217 0.16595267
0.60640000 -22367.04378353 0.16615387
0.60680000 -22367.04283679 0.16637269
0.60720000 -22367.04193024 0.16655084
0.60760000 -22367.04098630 0.16676590
0.60800000 -22367.04007791 0.16694493
0.60840000 -22367.03913331 0.16715969
0.60880000 -22367.03821616 0.16734651
0.60920000 -22367.03729210 0.16753978
0.60960000 -22367.03632509 0.16777551
0.61000000 -22367.03544216 0.16792667
0.61040000 -22367.03452391 0.16811269
0.61080000 -22367.03356074 0.16834314
0.61120000 -22367.03266347 0.16850721
0.61160000 -22367.03170377 0.16873323
0.61200000 -22367.03076521 0.16893763
0.61240000 -22367.02982096 0.16914724
0.61280000 -22367.02892017 0.16931291
0.61320000 -22367.02796962 0.16952786
0.61360000 -22367.02704962 0.16971178
0.61400000 -22367.02611022 0.16991462
0.61440000 -22367.02518214 0.17010566
0.61480000 -22367.02424716 0.17030312
0.61520000 -22367.02327732 0.17053495
0.61560000 -22367.02232762 0.17074617
0.61600000 -22367.02140372 0.17093111
0.61640000 -22367.02048466 0.17111074
0.61680000 -22367.01953578 0.17131970
0.61720000 -22367.01860130 0.17151377
0.61760000 -22367.01765842 0.17171577
0.61800000 -22367.01672273 0.17191011
0.61840000 -22367.01577449 0.17211651
0.61880000 -22367.01483221 0.17231647
0.61920000 -22367.01388622 0.17251966
0.61960000 -22367.01293799 0.17272461
0.62000000 -22367.01195070 0.17296813
0.62040500 -22367.01100411 0.17316119
0.62080000 -22367.01007480 0.17335508
0.62120000 -22367.00910300 0.17358167
0.62160000 -22367.00820451 0.17373449
0.62200000 -22367.00723333 0.17395951
0.62240000 -22367.00630126 0.17414494
0.62280000 -22367.00533828 0.17436080
0.62320000 -22367.00438363 0.17456784
0.62360000 -22367.00343830 0.17476510
0.62400000 -22367.00248739 0.17496745
0.62440000 -22367.00155618 0.17514961
0.62480000 -22367.00059453 0.17536174
0.62520000 -22366.99965596 0.17555032
0.62560000 -22366.99870622 0.17574958
0.62600000 -22366.99774661 0.17595823
0.62640000 -22366.99679507 0.17615833
0.62680000 -22366.99583240 0.17636907
0.62720000 -22366.99488122 0.17656785
0.62760000 -22366.99391253 0.17678367
0.62800000 -22366.99296593 0.17697691
0.62840000 -22366.99201575 0.17717324
0.62880000 -22366.99104717 0.17738751
0.62920000 -22366.99006816 0.17761172
0.62960000 -22366.98913700 0.17778760
0.63000000 -22366.98817298 0.17799585
0.63040000 -22366.98721546 0.17819714
0.63080000 -22366.98624214 0.17841374
0.63120000 -22366.98530581 0.17859287
0.63160000 -22366.98435221 0.17878878
0.63200000 -22366.98335489 0.17902794
0.63240000 -22366.98240535 0.17921885
0.63280000 -22366.98142051 0.17944457
0.63320000 -22366.98045333 0.17965215
0.63360000 -22366.97949348 0.17985192
0.63400000 -22366.97853765 0.18004718
0.63440000 -22366.97757016 0.18025364
0.63480000 -22366.97659321 0.18046907
0.63520000 -22366.97562081 0.18067947
0.63560000 -22366.97467069 0.18086711
0.63600000 -22366.97369663 0.18107821
0.63640000 -22366.97270990 0.18130150
0.63680000 -22366.97175272 0.18149476
0.63720000 -22366.97076733 0.18171574
0.63760000 -22366.96982292 0.18189527
0.63800000 -22366.96884457 0.18210827
0.63840000 -22366.96784746 0.18233954
0.63880000 -22366.96688185 0.18253883
0.63920000 -22366.96589674 0.18275714
0.63960000 -22366.96493640 0.18295020
0.64000000 -22366.96395342 0.18316542
0.64040000 -22366.96297512 0.18337548
0.64080000 -22366.96197041 0.18361147
0.64120000 -22366.96101416 0.18379851
0.64160000 -22366.96004151 0.18400149
0.64200000 -22366.95909134 0.18418150
0.64240000 -22366.95808677 0.18441543
0.64280000 -22366.95712268 0.18460840
0.64320000 -22366.95615976 0.18479972
0.64360000 -22366.95513118 0.18505622
0.64400000 -22366.95418180 0.18523303
0.64440000 -22366.95319123 0.18545056
0.64480000 -22366.95219797 0.18567031
0.64520000 -22366.95118839 0.18590589
0.64560000 -22366.95024820 0.18607160
0.64600000 -22366.94927191 0.18627292
0.64640000 -22366.94825666 0.18651274
0.64680000 -22366.94730137 0.18669210
0.64720000 -22366.94628116 0.18693592
0.64760000 -22366.94530742 0.18713278
0.64800000 -22366.94433229 0.18733054
0.64840000 -22366.94335215 0.18753284
0.64880000 -22366.94234741 0.18775926
0.64920000 -22366.94136375 0.18796413
0.64960000 -22366.94037347 0.18817513
0.65000000 -22366.93938835 0.18838048
0.65040000 -22366.93839580 0.18859280
0.65080000 -22366.93738097 0.18882691
0.65120000 -22366.93640463 0.18902205
0.65160000 -22366.93541559 0.18922941
0.65200000 -22366.93440864 0.18945420
0.65240000 -22366.93341115 0.18966905
0.65280000 -22366.93240897 0.18988811
0.65320000 -22366.93145379 0.19005969
0.65360000 -22366.93043724 0.19029216
0.65400000 -22366.92943424 0.19051060
0.65440000 -22366.92847128 0.19068852
0.65480000 -22366.92744436 0.19092992
0.65520000 -22366.92645531 0.19113297
0.65560000 -22366.92546387 0.19133793
0.65600000 -22366.92445578 0.19155905
0.65640000 -22366.92345450 0.19177289
0.65680000 -22366.92245444 0.19198504
0.65720000 -22366.92145092 0.19220016
0.65760000 -22366.92044114 0.19242106
0.65800000 -22366.91947268 0.19260016
0.65840000 -22366.91843967 0.19284333
0.65880000 -22366.91744361 0.19304907
0.65920000 -22366.91643112 0.19327075
0.65960000 -22366.91542773 0.19348287
0.66000000 -22366.91443511 0.19368372
0.66040000 -22366.91341652 0.19391007
0.66080000 -22366.91241521 0.19411867
0.66120000 -22366.91138544 0.19435523
0.66160000 -22366.91037805 0.19456895
0.66200000 -22366.90938931 0.19476353
0.66240000 -22366.90837136 0.19498684
0.66280000 -22366.90738687 0.19517621
0.66320000 -22366.90637151 0.19539597
0.66360000 -22366.90536066 0.19561074
0.66400000 -22366.90432217 0.19585267
0.66440000 -22366.90333243 0.19604537
0.66480000 -22366.90231634 0.19626394
0.66520000 -22366.90130612 0.19647616
0.66560000 -22366.90025658 0.19672722
0.66600000 -22366.89926274 0.19692210
0.66640000 -22366.89823991 0.19714549
0.66680000 -22366.89720923 0.19737625
0.66720000 -22366.89617268 0.19761240
0.66760000 -22366.89521929 0.19776491
0.66800000 -22366.89419545 0.19798739
0.66840000 -22366.89317673 0.19820427
0.66880000 -22366.89215498 0.19842370
0.66920000 -22366.89113757 0.19863830
0.66960000 -22366.89011390 0.19885870
0.67000000 -22366.88909233 0.19907651
0.67040000 -22366.88807145 0.19929314
0.67080000 -22366.88704685 0.19951303
0.67120000 -22366.88602700 0.19972768
0.67160000 -22366.88500161 0.19994739
0.67200000 -22366.88395203 0.20019081
0.67240000 -22366.88293786 0.20039833
0.67280000 -22366.88192827 0.20060081
0.67320000 -22366.88090259 0.20081889
0.67360000 -22366.87987545 0.20103795
0.67400000 -22366.87884936 0.20125547
0.67440000 -22366.87780243 0.20149336
0.67480000 -22366.87676807 0.20171821
0.67520000 -22366.87577377 0.20190251
0.67560000 -22366.87475624 0.20210956
0.67600000 -22366.87371070 0.20234414
0.67640000 -22366.87268768 0.20255572
0.67680000 -22366.87167633 0.20275515
0.67720000 -22366.87058995 0.20302913
0.67760000 -22366.86957659 0.20322961
0.67800000 -22366.86852786 0.20346498
0.67840000 -22366.86754181 0.20363718
0.67880000 -22366.86648460 0.20388008
0.67920000 -22366.86545253 0.20409734
0.67960000 -22366.86442013 0.20431447
0.68000000 -22366.86335454 0.20456430
0.68040000 -22366.86233111 0.20477148
0.68080000 -22366.86128622 0.20499966
0.68120000 -22366.86026376 0.20520492
0.68160000 -22366.85921707 0.20543393
0.68200000 -22366.85816171 0.20567113
0.68240000 -22366.85713434 0.20587986
0.68280000 -22366.85611429 0.20608079
0.68320000 -22366.85504638 0.20632909
0.68360000 -22366.85403161 0.20652379
0.68400000 -22366.85299600 0.20673884
0.68440000 -22366.85195246 0.20696134
0.68480000 -22366.85090365 0.20718863
0.68520000 -22366.84984058 0.20742970
0.68560000 -22366.84882567 0.20762212
0.68600000 -22366.84777908 0.20784576
0.68640000 -22366.84672714 0.20807425
0.68680000 -22366.84569258 0.20828490
0.68720000 -22366.84464355 0.20850952
0.68760000 -22366.84358225 0.20874595
0.68800000 -22366.84254649 0.20895635
0.68840000 -22366.84148200 0.20919500
0.68880000 -22366.84044935 0.20940133
0.68920000 -22366.83940637 0.20961751
0.68960000 -22366.83835336 0.20984324
0.69000000 -22366.83730580 0.21006304
0.69040000 -22366.83623904 0.21030156
0.69080000 -22366.83522388 0.21048800
0.69120000 -22366.83413657 0.21074611
0.69160000 -22366.83311131 0.21094169
0.69200000 -22366.83202946 0.21119338
0.69240000 -22366.83098190 0.21141029
0.69280000 -22366.82990649 0.21165459
0.69320000 -22366.82887314 0.21185634
0.69360000 -22366.82783915 0.21205825
0.69400000 -22366.82675546 0.21230938
0.69440000 -22366.82571837 0.21251343
0.69480000 -22366.82466532 0.21273296
0.69520000 -22366.82356937 0.21299491
0.69560000 -22366.82252064 0.21320916
0.69600000 -22366.82148543 0.21340941
0.69640000 -22366.82041953 0.21363987
0.69680000 -22366.81935228 0.21387120
0.69720000 -22366.81830047 0.21408661
0.69760000 -22366.81722621 0.21432399
0.69800000 -22366.81617550 0.21453734
0.69840000 -22366.81509565 0.21477935
0.69880000 -22366.81402872 0.21500796
0.69920000 -22366.81299787 0.21520001
0.69960000 -22366.81191501 0.21544358
0.70000000 -22366.81085622 0.21566262
0.70040000 -22366.80976251 0.21591608
0.70080000 -22366.80871901 0.21611886
0.70120000 -22366.80764358 0.21635310
0.70160000 -22366.80657585 0.21657915
0.70200000 -22366.80553108 0.21678176
0.70240000 -22366.80445336 0.21701684
0.70280000 -22366.80337766 0.21724942
0.70320000 -22366.80230209 0.21748139
0.70360000 -22366.80124085 0.21769854
0.70400000 -22366.80016709 0.21792774
0.70440000 -22366.79907475 0.21817505
0.70480000 -22366.79800321 0.21840107
0.70520000 -22366.79695719 0.21860108
0.70560000 -22366.79587235 0.21883944
0.70600000 -22366.79478366 0.21908118
0.70640000 -22366.79373380 0.21928360
0.70680000 -22366.79264252 0.21952696
0.70720000 -22366.79158684 0.21973424
0.70760000 -22366.79049523 0.21997696
0.70800000 -22366.78943366 0.22018918
0.70840000 -22366.78835139 0.22042161
0.70880000 -22366.78726807 0.22065461
0.70920000 -22366.78619565 0.22087623
0.70960000 -22366.78510364 0.22111696
0.71000000 -22366.78403261 0.22133623
0.71040000 -22366.78295357 0.22156303
0.71080000 -22366.78187427 0.22178961
0.71120000 -22366.78078653 0.22202415
0.71160000 -22366.77970964 0.22224736
0.71200000 -22366.77862538 0.22247746
0.71240000 -22366.77748748 0.22276072
0.71280000 -22366.77643694 0.22295613
0.71320000 -22366.77536094 0.22317654
0.71360000 -22366.77427596 0.22340544
0.71400000 -22366.77319646 0.22362838
0.71440000 -22366.77211021 0.22385758
0.71480000 -22366.77103388 0.22407639
0.71520000 -22366.76993077 0.22432151
0.71560000 -22366.76883783 0.22455596
0.71600000 -22366.76773900 0.22479584
0.71640000 -22366.76665277 0.22502263
0.71680000 -22366.76557740 0.22523808
0.71720000 -22366.76447437 0.22548070
0.71760000 -22366.76337855 0.22571565
0.71800000 -22366.76229277 0.22594007
0.71840000 -22366.76120282 0.22616817
0.71880000 -22366.76010827 0.22640041
0.71920000 -22366.75900908 0.22663680
0.71960000 -22366.75790610 0.22687650
0.72000000 -22366.75684501 0.22707383
0.72040000 -22366.75573225 0.22732235
0.72080000 -22366.75462431 0.22756557
0.72120000 -22366.75350687 0.22781781
0.72160000 -22366.75244888 0.22801012
0.72200000 -22366.75134639 0.22824645
0.72240000 -22366.75023070 0.22849550
0.72280000 -22366.74914367 0.22871540
0.72320000 -22366.74804795 0.22894353
0.72360000 -22366.74693049 0.22919290
0.72400000 -22366.74584786 0.22940698
0.72440000 -22366.74476286 0.22962294
0.72480000 -22366.74364937 0.22986691
0.72520000 -22366.74252561 0.23012066
0.72560000 -22366.74143792 0.23033788
0.72600000 -22366.74032199 0.23058285
0.72640000 -22366.73922839 0.23080501
0.72680000 -22366.73812009 0.23104139
0.72720000 -22366.73699251 0.23129656
0.72760000 -22366.73594684 0.23146936
0.72800000 -22366.73480383 0.23173901
0.72840000 -22366.73369846 0.23197054
0.72880000 -22366.73260154 0.23219314
0.72920000 -22366.73150847 0.23241141
0.72960000 -22366.73036246 0.23268213
0.73000000 -22366.72925631 0.23291253
0.73040000 -22366.72811957 0.23317303
0.73080000 -22366.72704304 0.23337284
0.73120000 -22366.72592310 0.23361558
0.73160000 -22366.72482926 0.23383174
0.73200000 -22366.72368694 0.23409590
0.73240000 -22366.72258179 0.23432241
0.73280000 -22366.72146262 0.23456246
0.73320000 -22366.72034349 0.23480199
0.73360000 -22366.71925409 0.23501131
0.73400000 -22366.71814544 0.23523940
0.73440000 -22366.71699752 0.23550628
0.73480000 -22366.71589253 0.23572975
0.73520000 -22366.71476990 0.23597038
0.73560000 -22366.71366486 0.23619294
0.73600000 -22366.71252524 0.23644960
0.73640000 -22366.71139918 0.23669222
0.73680000 -22366.71029986 0.23690762
0.73720000 -22366.70918067 0.23714241
0.73760000 -22366.70807117 0.23736703
0.73800000 -22366.70692415 0.23762869
0.73840000 -22366.70580198 0.23786502
0.73880000 -22366.70467958 0.23810109
0.73920000 -22366.70355715 0.23833673
0.73960000 -22366.70241490 0.23859169
0.74000000 -22366.70132201 0.23879683
0.74040000 -22366.70019621 0.23903439
0.74080000 -22366.69904348 0.23929840
0.74120000 -22366.69794975 0.23950293
0.74160000 -22366.69679809 0.23976490
0.74200000 -22366.69568309 0.23998975
0.74240000 -22366.69455894 0.24022326
0.74280000 -22366.69344681 0.24044427
0.74320000 -22366.69231956 0.24067992
0.74360000 -22366.69117568 0.24093171
0.74400000 -22366.69005490 0.24115994
0.74440000 -22366.68888708 0.24143472
0.74480000 -22366.68775060 0.24167767
0.74520000 -22366.68663056 0.24190372
0.74560000 -22366.68549931 0.24214048
0.74600000 -22366.68435098 0.24239386
0.74640000 -22366.68322783 0.24262156
0.74680000 -22366.68211947 0.24283401
0.74720000 -22366.68097919 0.24307788
0.74760000 -22366.67982764 0.24333256
0.74800000 -22366.67867012 0.24359271
0.74840000 -22366.67754385 0.24382115
0.74880000 -22366.67641371 0.24405297
0.74920000 -22366.67529718 0.24427070
0.74960000 -22366.67414389 0.24452471
0.75000000 -22366.67299660 0.24477223
0.75040000 -22366.67185398 0.24501462
0.75080000 -22366.67069686 0.24527101
0.75120000 -22366.66958180 0.24548488
0.75160000 -22366.66841963 0.24574536
0.75200000 -22366.66730706 0.24595578
0.75240000 -22366.66617991 0.24618029
0.75280000 -22366.66501557 0.24644151
0.75320000 -22366.66387336 0.24668012
0.75360000 -22366.66272169 0.24692771
0.75400000 -22366.66153809 0.24720675
0.75440000 -22366.66043342 0.24740638
0.75480000 -22366.65927645 0.24765782
0.75520000 -22366.65812952 0.24789876
0.75560000 -22366.65699992 0.24812188
0.75600000 -22366.65583496 0.24837987
0.75640000 -22366.65471051 0.24859689
0.75680000 -22366.65353108 0.24886839
0.75720000 -22366.65238968 0.24910139
0.75760000 -22366.65123495 0.24934724
0.75800000 -22366.65006245 0.24961039
0.75840000 -22366.64894803 0.24981497
0.75880000 -22366.64778965 0.25006302
0.75920000 -22366.64661879 0.25032309
0.75960000 -22366.64548178 0.25054882
0.76000000 -22366.64434477 0.25077406
0.76040000 -22366.64315876 0.25104784
0.76080000 -22366.64200132 0.25129256
0.76120000 -22366.64086687 0.25151381
0.76160000 -22366.63971752 0.25174948
0.76200000 -22366.63854038 0.25201245
0.76240000 -22366.63738894 0.25224925
0.76280000 -22366.63623997 0.25248310
0.76320000 -22366.63508265 0.25272483
0.76360000 -22366.63390296 0.25298844
0.76400000 -22366.63277113 0.25320370
0.76440000 -22366.63159363 0.25346417
0.76480000 -22366.63040742 0.25373286
0.76520000 -22366.62929541 0.25392687
0.76560000 -22366.62811254 0.25419126
0.76600000 -22366.62692801 0.25445683
0.76640000 -22366.62576937 0.25469602
0.76680000 -22366.62461088 0.25493459
0.76720000 -22366.62344230 0.25518278
0.76760000 -22366.62225511 0.25544909
0.76800000 -22366.62111697 0.25566586
0.76840000 -22366.61994729 0.25591371
0.76880000 -22366.61877717 0.25616151
0.76920000 -22366.61761678 0.25639910
0.76960000 -22366.61643803 0.25665457
0.77000000 -22366.61525583 0.25691301
0.77040000 -22366.61409550 0.25714910
0.77080000 -22366.61290741 0.25741247
0.77120000 -22366.61176780 0.25762688
0.77160000 -22366.61057239 0.25789661
0.77200000 -22366.60942276 0.25812008
0.77240000 -22366.60823769 0.25837851
0.77280000 -22366.60706522 0.25862386
0.77320000 -22366.60591000 0.25885148
0.77360000 -22366.60471677 0.25911663
0.77400000 -22366.60354289 0.25936195
0.77440000 -22366.60240002 0.25957578
0.77480000 -22366.60119732 0.25984896
0.77520000 -22366.60002356 0.26009272
0.77560000 -22366.59886262 0.26032318
0.77600000 -22366.59766268 0.26059216
0.77640000 -22366.59649796 0.26082544
0.77680000 -22366.59530271 0.26108877
0.77720000 -22366.59412462 0.26133445
0.77760000 -22366.59294867 0.26157753
0.77800000 -22366.59177029 0.26182255
0.77840000 -22366.59058156 0.26207744
0.77880000 -22366.58940611 0.26231857
0.77920000 -22366.58822605 0.26256383
0.77960000 -22366.58704636 0.26280823
0.78000000 -22366.58587043 0.26304840
0.78040000 -22366.58469564 0.26328696
0.78080000 -22366.58350796 0.26353792
0.78120000 -22366.58230209 0.26380659
0.78160000 -22366.58113659 0.26403441
0.78200000 -22366.57995087 0.26428197
0.78240000 -22366.57875855 0.26453565
0.78280000 -22366.57756949 0.26478559
0.78320000 -22366.57639774 0.26501774
0.78360000 -22366.57521451 0.26526089
0.78400000 -22366.57400794 0.26552690
0.78440000 -22366.57283207 0.26576172
0.78480000 -22366.57165538 0.26599690
0.78520000 -22366.57045849 0.26625179
0.78560000 -22366.56927787 0.26648993
0.78600000 -22366.56809206 0.26673278
0.78640000 -22366.56689794 0.26698346
0.78680000 -22366.56570827 0.26722921
0.78720000 -22366.56450263 0.26749044
0.78760000 -22366.56330438 0.26774382
0.78800000 -22366.56211523 0.26798761
0.78840000 -22366.56091196 0.26824504
