# strain(%), strain_el(%), stress(GPa)
0.00000000 -0.00013068 0.00000000
0.00040000 0.00036049 0.00038082
0.00080000 0.00068580 0.00063304
0.00120000 0.00121353 0.00104221
0.00160000 0.00170870 0.00142613
0.00200000 0.00189199 0.00156825
0.00240000 0.00243566 0.00198978
0.00280000 0.00282505 0.00229168
0.00320000 0.00336339 0.00270908
0.00360000 0.00350400 0.00281810
0.00400000 0.00396412 0.00317484
0.00440000 0.00434208 0.00346789
0.00480000 0.00473277 0.00377081
0.00520000 0.00524391 0.00416711
0.00560000 0.00583534 0.00462567
0.00600000 0.00603346 0.00477928
0.00640000 0.00633302 0.00501154
0.00680000 0.00668360 0.00528335
0.00720000 0.00720430 0.00568707
0.00760000 0.00772930 0.00609413
0.00800000 0.00788728 0.00621661
0.00840000 0.00847904 0.00667543
0.00880000 0.00896298 0.00705064
0.00920000 0.00914960 0.00719534
0.00960000 0.00968712 0.00761210
0.01000000 0.00997722 0.00783702
0.01040000 0.01027653 0.00806909
0.01080000 0.01074365 0.00843126
0.01120000 0.01119182 0.00877875
0.01160000 0.01173047 0.00919638
0.01200000 0.01198649 0.00939488
0.01240000 0.01252449 0.00981201
0.01280000 0.01276754 0.01000046
0.01320000 0.01308795 0.01024888
0.01360000 0.01358527 0.01063447
0.01400000 0.01395837 0.01092376
0.01440000 0.01428816 0.01117945
0.01480000 0.01482923 0.01159896
0.01520000 0.01525898 0.01193216
0.01560000 0.01550037 0.01211932
0.01600000 0.01603706 0.01253543
0.01640000 0.01647754 0.01287696
0.01680000 0.01673082 0.01307333
0.01720000 0.01712171 0.01337641
0.01760000 0.01766274 0.01379589
0.01800000 0.01815739 0.01417941
0.01840000 0.01839453 0.01436327
0.01880000 0.01898535 0.01482135
0.01920000 0.01911217 0.01491969
0.01960000 0.01964585 0.01533346
0.02000000 0.01986291 0.01550176
0.02040000 0.02036953 0.01589456
0.02080000 0.02077540 0.01620924
0.02120000 0.02106711 0.01643542
0.02160000 0.02145717 0.01673785
0.02200000 0.02194846 0.01711876
0.02240000 0.02253962 0.01757711
0.02280000 0.02280027 0.01777920
0.02320000 0.02327761 0.01814930
0.02360000 0.02347220 0.01830018
0.02400000 0.02397337 0.01868875
0.02440000 0.02431356 0.01895251
0.02480000 0.02484822 0.01936705
0.02520000 0.02520447 0.01964327
0.02560000 0.02574214 0.02006014
0.02600000 0.02590166 0.02018383
0.02640000 0.02642015 0.02058583
0.02680000 0.02688166 0.02094365
0.02720000 0.02725747 0.02123504
0.02760000 0.02760183 0.02150203
0.02800000 0.02791789 0.02174708
0.02840000 0.02850901 0.02220540
0.02880000 0.02866894 0.02232939
0.02920000 0.02926031 0.02278791
0.02960000 0.02961918 0.02306616
0.03000000 0.03014824 0.02347635
0.03040000 0.03029993 0.02359397
0.03080000 0.03083167 0.02400624
0.03120000 0.03111593 0.02422664
0.03160000 0.03170729 0.02468514
0.03200000 0.03212544 0.02500935
0.03240000 0.03236026 0.02519141
0.03280000 0.03287946 0.02559397
0.03320000 0.03347071 0.02605239
0.03360000 0.03347601 0.02605649
0.03400000 0.03396235 0.02643357
0.03440000 0.03438043 0.02675773
0.03480000 0.03497106 0.02721566
0.03520000 0.03537200 0.02752653
0.03560000 0.03565148 0.02774322
0.03600000 0.03587979 0.02792023
0.03640000 0.03642189 0.02834055
0.03680000 0.03667143 0.02853402
0.03720000 0.03721568 0.02895599
0.03760000 0.03766629 0.02930538
0.03800000 0.03825745 0.02976372
0.03840000 0.03837148 0.02985213
0.03880000 0.03873488 0.03013389
0.03920000 0.03921447 0.03050573
0.03960000 0.03954381 0.03076108
0.04000000 0.04000493 0.03111861
0.04040000 0.04033571 0.03137507
0.04080000 0.04092684 0.03183339
0.04120000 0.04117670 0.03202712
0.04160000 0.04148608 0.03226700
0.04200000 0.04188129 0.03257342
0.04240000 0.04239894 0.03297477
0.04280000 0.04271795 0.03322211
0.04320000 0.04330904 0.03368040
0.04360000 0.04347651 0.03381025
0.04400000 0.04395421 0.03418063
0.04440000 0.04443080 0.03455014
0.04480000 0.04495258 0.03495470
0.04520000 0.04516369 0.03511838
0.04560000 0.04575484 0.03557672
0.04600000 0.04587464 0.03566961
0.04640000 0.04637287 0.03605590
0.04680000 0.04671447 0.03632076
0.04720000 0.04705892 0.03658782
0.04760000 0.04757476 0.03698777
0.04800000 0.04793397 0.03726628
0.04840000 0.04852522 0.03772470
0.04880000 0.04893770 0.03804451
0.04920000 0.04945571 0.03844614
0.04960000 0.04964848 0.03859560
0.05000000 0.05019857 0.03902211
0.05040000 0.05027058 0.03907794
0.05080000 0.05073309 0.03943654
0.05120000 0.05122141 0.03981515
0.05160000 0.05167407 0.04016612
0.05200000 0.05195612 0.04038480
0.05240000 0.05245103 0.04076852
0.05280000 0.05288921 0.04110826
0.05320000 0.05348058 0.04156677
0.05360000 0.05348594 0.04157092
0.05400000 0.05389633 0.04188912
0.05440000 0.05426823 0.04217746
0.05480000 0.05485910 0.04263559
0.05520000 0.05505272 0.04278571
0.05560000 0.05552774 0.04315401
0.05600000 0.05588673 0.04343235
0.05640000 0.05642635 0.04385073
0.05680000 0.05685059 0.04417967
0.05720000 0.05712588 0.04439311
0.05760000 0.05771679 0.04485126
0.05800000 0.05786800 0.04496850
0.05840000 0.05826008 0.04527249
0.05880000 0.05871169 0.04562264
0.05920000 0.05920610 0.04600598
0.05960000 0.05953648 0.04626213
0.06000000 0.05984114 0.04649835
0.06040000 0.06038228 0.04691791
0.06080000 0.06081771 0.04725552
0.06120000 0.06117943 0.04753597
0.06160000 0.06145102 0.04774654
0.06200000 0.06194678 0.04813093
0.06240000 0.06236231 0.04845310
0.06280000 0.06283616 0.04882049
0.06320000 0.06317525 0.04908341
0.06360000 0.06367033 0.04946726
0.06400000 0.06420874 0.04988470
0.06440000 0.06429332 0.04995028
0.06480000 0.06481468 0.05035451
0.06520000 0.06518626 0.05064261
0.06560000 0.06566025 0.05101011
0.06600000 0.06600340 0.05127617
0.06640000 0.06627140 0.05148396
0.06680000 0.06679591 0.05189063
0.06720000 0.06719721 0.05220177
0.06760000 0.06768407 0.05257926
0.06800000 0.06794522 0.05278173
0.06840000 0.06846276 0.05318301
0.06880000 0.06893384 0.05354825
0.06920000 0.06906288 0.05364830
0.06960000 0.06956464 0.05403733
0.07000000 0.06991707 0.05431058
0.07040000 0.07024398 0.05456404
0.07080000 0.07077975 0.05497945
0.07120000 0.07112179 0.05524464
0.07160000 0.07151384 0.05554861
0.07200000 0.07205365 0.05596715
0.07240000 0.07227100 0.05613567
0.07280000 0.07272583 0.05648832
0.07320000 0.07321939 0.05687099
0.07360000 0.07366498 0.05721647
0.07400000 0.07390032 0.05739894
0.07440000 0.07440903 0.05779337
0.07480000 0.07465016 0.05798032
0.07520000 0.07524139 0.05843872
0.07560000 0.07552717 0.05866030
0.07600000 0.07584540 0.05890704
0.07640000 0.07637929 0.05932098
0.07680000 0.07697053 0.05977939
0.07720000 0.07713282 0.05990522
0.07760000 0.07766273 0.06031608
0.07800000 0.07787718 0.06048234
0.07840000 0.07841381 0.06089842
0.07880000 0.07870983 0.06112793
0.07920000 0.07921588 0.06152029
0.07960000 0.07950505 0.06174450
0.08000000 0.08009594 0.06220263
0.08040000 0.08068631 0.06266037
0.08080000 0.08067067 0.06264824
0.08120000 0.08117198 0.06303693
0.08160000 0.08163924 0.06339921
0.08200000 0.08222975 0.06385705
0.08240000 0.08226390 0.06388353
0.08280000 0.08285501 0.06434184
0.08320000 0.08311844 0.06454609
0.08360000 0.08361652 0.06493227
0.08400000 0.08401427 0.06524066
0.08440000 0.08431759 0.06547583
0.08480000 0.08486949 0.06590374
0.08520000 0.08510201 0.06608402
0.08560000 0.08553354 0.06641860
0.08600000 0.08598928 0.06677195
0.08640000 0.08628536 0.06700152
0.08680000 0.08678926 0.06739221
0.08720000 0.08709103 0.06762618
0.08760000 0.08759431 0.06801640
0.08800000 0.08812131 0.06842499
0.08840000 0.08858849 0.06878722
0.08880000 0.08867856 0.06885705
0.08920000 0.08926871 0.06931462
0.08960000 0.08956286 0.06954268
0.09000000 0.09006105 0.06992895
0.09040000 0.09027139 0.07009204
0.09080000 0.09073668 0.07045279
0.09120000 0.09111992 0.07074993
0.09160000 0.09171041 0.07120776
0.09200000 0.09212505 0.07152924
0.09240000 0.09271586 0.07198732
0.09280000 0.09283172 0.07207715
0.09320000 0.09332219 0.07245743
0.09360000 0.09387383 0.07288514
0.09400000 0.09407663 0.07304237
0.09440000 0.09439636 0.07329027
0.09480000 0.09498716 0.07374834
0.09520000 0.09513648 0.07386411
0.09560000 0.09566800 0.07427622
0.09600000 0.09593883 0.07448621
0.09640000 0.09647839 0.07490454
0.09680000 0.09685234 0.07519448
0.09720000 0.09710252 0.07538846
0.09760000 0.09748501 0.07568502
0.09800000 0.09803727 0.07611320
0.09840000 0.09829992 0.07631685
0.09880000 0.09877981 0.07668892
0.09920000 0.09910790 0.07694330
0.09960000 0.09958506 0.07731326
0.10000000 0.10000016 0.07763511
0.10040000 0.10040161 0.07794636
0.10080000 0.10071745 0.07819125
0.10120000 0.10130837 0.07864941
0.10160000 0.10157382 0.07885522
0.10200000 0.10192065 0.07912413
0.10240000 0.10226023 0.07938742
0.10280000 0.10276985 0.07978254
0.10320000 0.10324334 0.08014966
0.10360000 0.10348682 0.08033844
0.10400000 0.10395628 0.08070243
0.10440000 0.10449457 0.08111979
0.10480000 0.10474708 0.08131556
0.10520000 0.10533744 0.08177330
0.10560000 0.10558824 0.08196775
0.10600000 0.10586615 0.08218322
0.10640000 0.10637045 0.08257422
0.10680000 0.10679157 0.08290073
0.10720000 0.10708333 0.08312694
0.10760000 0.10759260 0.08352180
0.10800000 0.10791701 0.08377333
0.10840000 0.10838498 0.08413616
0.10880000 0.10880051 0.08445834
0.10920000 0.10928124 0.08483107
0.10960000 0.10958230 0.08506449
0.11000000 0.11009763 0.08546404
0.11040000 0.11043362 0.08572455
0.11080000 0.11067368 0.08591068
0.11120000 0.11126398 0.08636836
0.11160000 0.11174546 0.08674166
0.11200000 0.11193039 0.08688505
0.11240000 0.11239365 0.08724423
0.11280000 0.11280440 0.08756270
0.11320000 0.11309967 0.08779163
0.11360000 0.11345943 0.08807057
0.11400000 0.11404976 0.08852827
0.11440000 0.11446747 0.08885214
0.11480000 0.11473673 0.08906091
0.11520000 0.11516137 0.08939015
0.11560000 0.11552261 0.08967022
0.11600000 0.11604167 0.09007268
0.11640000 0.11626802 0.09024817
0.11680000 0.11676992 0.09063731
0.11720000 0.11719084 0.09096367
0.11760000 0.11778151 0.09142164
0.11800000 0.11789306 0.09150812
0.11840000 0.11848340 0.09196584
0.11880000 0.11889484 0.09228484
0.11920000 0.11923697 0.09255010
0.11960000 0.11951846 0.09276835
0.12000000 0.11986177 0.09303454
0.12040000 0.12036942 0.09342814
0.12080000 0.12083763 0.09379116
0.12120000 0.12120157 0.09407334
0.12160000 0.12179284 0.09453177
0.12200000 0.12227765 0.09490766
0.12240000 0.12240422 0.09500579
0.12280000 0.12267499 0.09521573
0.12320000 0.12309658 0.09554261
0.12360000 0.12357734 0.09591536
0.12400000 0.12416795 0.09637328
0.12440000 0.12435644 0.09651942
0.12480000 0.12486754 0.09691570
0.12520000 0.12507940 0.09707996
0.12560000 0.12560996 0.09749132
0.12600000 0.12603266 0.09781905
0.12640000 0.12650053 0.09818181
0.12680000 0.12667735 0.09831890
0.12720000 0.12726816 0.09877698
0.12760000 0.12757873 0.09901778
0.12800000 0.12817009 0.09947629
0.12840000 0.12830115 0.09957789
0.12880000 0.12879937 0.09996419
0.12920000 0.12907978 0.10018160
0.12960000 0.12962257 0.10060244
0.13000000 0.12989267 0.10081187
0.13040000 0.13042530 0.10122483
0.13080000 0.13085054 0.10155454
0.13120000 0.13144147 0.10201270
0.13160000 0.13157560 0.10211670
0.13200000 0.13210719 0.10252886
0.13240000 0.13235678 0.10272237
0.13280000 0.13266161 0.10295872
0.13320000 0.13310235 0.10330044
0.13360000 0.13363340 0.10371218
0.13400000 0.13411886 0.10408858
0.13440000 0.13443160 0.10433106
0.13480000 0.13469481 0.10453514
0.13520000 0.13518654 0.10491639
0.13560000 0.13577740 0.10537451
0.13600000 0.13593302 0.10549517
0.13640000 0.13643570 0.10588491
0.13680000 0.13670976 0.10609740
0.13720000 0.13720021 0.10647767
0.13760000 0.13760297 0.10678994
0.13800000 0.13787921 0.10700412
0.13840000 0.13840954 0.10741530
0.13880000 0.13875429 0.10768260
0.13920000 0.13934497 0.10814058
0.13960000 0.13950966 0.10826827
0.14000000 0.14010062 0.10872646
0.14040000 0.14034671 0.10891726
0.14080000 0.14069862 0.10919011
0.14120000 0.14123525 0.10960618
0.14160000 0.14150470 0.10981510
0.14200000 0.14201443 0.11021031
0.14240000 0.14241503 0.11052091
0.14280000 0.14289972 0.11089670
0.14320000 0.14342796 0.11130627
0.14360000 0.14390295 0.11167455
0.14400000 0.14392828 0.11169419
0.14440000 0.14439380 0.11205512
0.14480000 0.14472459 0.11231159
0.14520000 0.14526997 0.11273445
0.14560000 0.14564265 0.11302340
0.14600000 0.14589890 0.11322208
0.14640000 0.14639363 0.11360566
0.14680000 0.14680967 0.11392823
0.14720000 0.14723023 0.11425431
0.14760000 0.14751772 0.11447721
0.14800000 0.14805998 0.11489764
0.14840000 0.14843787 0.11519064
0.14880000 0.14891850 0.11556328
0.14920000 0.14924179 0.11581394
0.14960000 0.14979588 0.11624355
0.15000000 0.15028527 0.11662299
0.15040000 0.15030420 0.11663767
0.15080000 0.15078335 0.11700917
0.15120000 0.15137449 0.11746751
0.15160000 0.15156921 0.11761848
0.15200000 0.15209342 0.11802492
0.15240000 0.15239571 0.11825930
0.15280000 0.15286465 0.11862288
0.15320000 0.15317917 0.11886674
0.15360000 0.15369612 0.11926755
0.15400000 0.15419689 0.11965582
0.15440000 0.15449271 0.11988518
0.15480000 0.15508343 0.12034318
0.15520000 0.15509702 0.12035372
0.15560000 0.15557600 0.12072508
0.15600000 0.15599897 0.12105303
0.15640000 0.15648752 0.12143182
0.15680000 0.15692474 0.12177081
0.15720000 0.15751542 0.12222879
0.15760000 0.15756961 0.12227081
0.15800000 0.15807282 0.12266097
0.15840000 0.15845995 0.12296112
0.15880000 0.15877621 0.12320633
0.15920000 0.15936714 0.12366450
0.15960000 0.15949741 0.12376550
0.16000000 0.15997685 0.12413723
0.16040000 0.16032702 0.12440873
0.16080000 0.16084422 0.12480973
0.16120000 0.16130091 0.12516382
0.16160000 0.16182292 0.12556856
0.16200000 0.16200516 0.12570985
0.16240000 0.16254986 0.12613218
0.16280000 0.16270216 0.12625026
0.16320000 0.16321079 0.12664462
0.16360000 0.16380174 0.12710280
0.16400000 0.16394650 0.12721504
0.16440000 0.16437527 0.12754748
0.16480000 0.16496600 0.12800550
0.16520000 0.16527455 0.12824473
0.16560000 0.16548607 0.12840873
0.16600000 0.16600677 0.12881245
0.16640000 0.16636930 0.12909353
0.16680000 0.16695983 0.12955139
0.16720000 0.16737976 0.12987697
0.16760000 0.16777538 0.13018371
0.16800000 0.16796548 0.13033111
0.16840000 0.16842561 0.13068786
0.16880000 0.16898111 0.13111856
0.16920000 0.16912061 0.13122672
0.16960000 0.16962069 0.13161445
0.17000000 0.17021122 0.13207231
0.17040000 0.17068345 0.13243845
0.17080000 0.17069462 0.13244711
0.17120000 0.17120044 0.13283929
0.17160000 0.17179106 0.13329722
0.17200000 0.17189340 0.13337657
0.17240000 0.17243201 0.13379417
0.17280000 0.17286676 0.13413125
0.17320000 0.17322834 0.13441159
0.17360000 0.17350198 0.13462375
0.17400000 0.17409265 0.13508172
0.17440000 0.17457332 0.13545441
0.17480000 0.17480490 0.13563396
0.17520000 0.17539528 0.13609170
0.17560000 0.17548785 0.13616348
0.17600000 0.17600082 0.13656120
0.17640000 0.17631797 0.13680710
0.17680000 0.17690829 0.13726479
0.17720000 0.17721464 0.13750232
0.17760000 0.17754296 0.13775688
0.17800000 0.17787244 0.13801234
0.17840000 0.17836646 0.13839537
0.17880000 0.17879658 0.13872886
0.17920000 0.17933034 0.13914270
0.17960000 0.17955830 0.13931944
0.18000000 0.18001045 0.13967001
0.18040000 0.18048492 0.14003789
0.18080000 0.18068293 0.14019141
0.18120000 0.18117020 0.14056921
0.18160000 0.18165919 0.14094834
0.18200000 0.18224940 0.14140595
0.18240000 0.18232819 0.14146704
0.18280000 0.18291800 0.14192434
0.18320000 0.18316742 0.14211773
0.18360000 0.18348030 0.14236032
0.18400000 0.18392113 0.14270211
0.18440000 0.18451144 0.14315980
0.18480000 0.18474374 0.14333990
0.18520000 0.18533439 0.14379786
0.18560000 0.18560239 0.14400565
0.18600000 0.18592400 0.14425500
0.18640000 0.18647390 0.14468136
0.18680000 0.18706464 0.14513939
0.18720000 0.18714625 0.14520266
0.18760000 0.18754742 0.14551370
0.18800000 0.18806628 0.14591599
0.18840000 0.18844366 0.14620859
0.18880000 0.18891278 0.14657232
0.18920000 0.18944493 0.14698491
0.18960000 0.18960448 0.14710861
0.19000000 0.18989555 0.14733430
0.19040000 0.19035074 0.14768722
0.19080000 0.19085877 0.14808111
0.19120000 0.19144881 0.14853859
0.19160000 0.19181238 0.14882048
0.19200000 0.19199965 0.14896568
0.19240000 0.19230260 0.14920057
0.19280000 0.19281608 0.14959869
0.19320000 0.19327741 0.14995637
0.19360000 0.19350798 0.15013514
0.19400000 0.19398127 0.15050210
0.19440000 0.19426651 0.15072326
0.19480000 0.19474127 0.15109136
0.19520000 0.19533101 0.15154861
0.19560000 0.19547412 0.15165956
0.19600000 0.19606434 0.15211718
0.19640000 0.19641373 0.15238808
0.19680000 0.19694473 0.15279978
0.19720000 0.19710883 0.15292701
0.19760000 0.19765350 0.15334931
0.19800000 0.19804166 0.15365027
0.19840000 0.19831015 0.15385844
0.19880000 0.19872331 0.15417878
0.19920000 0.19905921 0.15443921
0.19960000 0.19955787 0.15482584
0.20000000 0.20014830 0.15528363
0.20040000 0.20026623 0.15537506
0.20080000 0.20077260 0.15576767
0.20120000 0.20128794 0.15616723
0.20160000 0.20145934 0.15630012
0.20200000 0.20200002 0.15671933
0.20240000 0.20225791 0.15691929
0.20280000 0.20271179 0.15727119
0.20320000 0.20324372 0.15768362
0.20360000 0.20346837 0.15785779
0.20400000 0.20400690 0.15827534
0.20440000 0.20438748 0.15857042
0.20480000 0.20497804 0.15902830
0.20520000 0.20505820 0.15909045
0.20560000 0.20559072 0.15950333
0.20600000 0.20594616 0.15977892
0.20640000 0.20629705 0.16005098
0.20680000 0.20663333 0.16031171
0.20720000 0.20711539 0.16068547
0.20760000 0.20759341 0.16105609
0.20800000 0.20786117 0.16126370
0.20840000 0.20836650 0.16165550
0.20880000 0.20872174 0.16193093
0.20920000 0.20931246 0.16238893
0.20960000 0.20949371 0.16252946
0.21000000 0.20998453 0.16291001
0.21040000 0.21057559 0.16336828
0.21080000 0.21063705 0.16341593
0.21120000 0.21110991 0.16378256
0.21160000 0.21153742 0.16411403
0.21200000 0.21185298 0.16435869
0.21240000 0.21227072 0.16468258
0.21280000 0.21280834 0.16509942
0.21320000 0.21313333 0.16535139
0.21360000 0.21366765 0.16576567
0.21400000 0.21383870 0.16589829
0.21440000 0.21431564 0.16626808
0.21480000 0.21490641 0.16672613
0.21520000 0.21514551 0.16691151
0.21560000 0.21568937 0.16733319
0.21600000 0.21627903 0.16779037
0.21640000 0.21622643 0.16774959
0.21680000 0.21670256 0.16811875
0.21720000 0.21714182 0.16845932
0.21760000 0.21742557 0.16867932
0.21800000 0.21789420 0.16904267
0.21840000 0.21844186 0.16946729
0.21880000 0.21871423 0.16967847
0.21920000 0.21921920 0.17006999
0.21960000 0.21980886 0.17052718
0.22000000 0.21984531 0.17055544
0.22040000 0.22031738 0.17092145
0.22080000 0.22069142 0.17121146
0.22120000 0.22123539 0.17163322
0.22160000 0.22150616 0.17184316
0.22200000 0.22204862 0.17226375
0.22240000 0.22221734 0.17239456
0.22280000 0.22269722 0.17276663
0.22320000 0.22305851 0.17304675
0.22360000 0.22348527 0.17337763
0.22400000 0.22398731 0.17376688
0.22440000 0.22424640 0.17396776
0.22480000 0.22462039 0.17425773
0.22520000 0.22516250 0.17467805
0.22560000 0.22559456 0.17501304
0.22600000 0.22594566 0.17528526
0.22640000 0.22622234 0.17549978
0.22680000 0.22667810 0.17585315
0.22720000 0.22703228 0.17612776
0.22760000 0.22737740 0.17639534
0.22800000 0.22796732 0.17685273
0.22840000 0.22828208 0.17709678
0.22880000 0.22858362 0.17733057
0.22920000 0.22900058 0.17765385
0.22960000 0.22954241 0.17807395
0.23000000 0.22981682 0.17828672
0.23040000 0.23032650 0.17868189
0.23080000 0.23056881 0.17886976
0.23120000 0.23098063 0.17918906
0.23160000 0.23157049 0.17964640
0.23200000 0.23183100 0.17984838
0.23240000 0.23216894 0.18011040
0.23280000 0.23269523 0.18051845
0.23320000 0.23315884 0.18087790
0.23360000 0.23338731 0.18105505
0.23400000 0.23393230 0.18147759
0.23440000 0.23421055 0.18169333
0.23480000 0.23474475 0.18210752
0.23520000 0.23504270 0.18233853
0.23560000 0.23555370 0.18273473
0.23600000 0.23607277 0.18313718
0.23640000 0.23646312 0.18343984
0.23680000 0.23682360 0.18371933
0.23720000 0.23741375 0.18417689
0.23760000 0.23738388 0.18415373
0.23800000 0.23789204 0.18454773
0.23840000 0.23835246 0.18490471
0.23880000 0.23860189 0.18509811
0.23920000 0.23913197 0.18550909
0.23960000 0.23944793 0.18575407
0.24000000 0.23998472 0.18617026
0.24040000 0.24057474 0.18662773
0.24080000 0.24057993 0.18663175
0.24120000 0.24102228 0.18697472
0.24160000 0.24161191 0.18743188
0.24200000 0.24175961 0.18754640
0.24240000 0.24225901 0.18793360
0.24280000 0.24277980 0.18833739
0.24320000 0.24310860 0.18859232
0.24360000 0.24334978 0.18877931
0.24400000 0.24380128 0.18912938
0.24440000 0.24439133 0.18958686
0.24480000 0.24471838 0.18984044
0.24520000 0.24500410 0.19006197
0.24560000 0.24555218 0.19048692
0.24600000 0.24574270 0.19063463
0.24640000 0.24628506 0.19105514
0.24680000 0.24668153 0.19136255
0.24720000 0.24727134 0.19181985
0.24760000 0.24736108 0.19188942
0.24800000 0.24785652 0.19227356
0.24840000 0.24826307 0.19258877
0.24880000 0.24874138 0.19295962
0.24920000 0.24891652 0.19309541
0.24960000 0.24936955 0.19344666
0.25000000 0.24977573 0.19376159
0.25040000 0.25022106 0.19410687
0.25080000 0.25053135 0.19434745
0.25120000 0.25106793 0.19476348
0.25160000 0.25145187 0.19506117
0.25200000 0.25169144 0.19524691
0.25240000 0.25218609 0.19563043
0.25280000 0.25253446 0.19590053
0.25320000 0.25295772 0.19622870
0.25360000 0.25333926 0.19652452
0.25400000 0.25367889 0.19678785
0.25440000 0.25422720 0.19721298
0.25480000 0.25466461 0.19755212
0.25520000 0.25498954 0.19780404
0.25560000 0.25540979 0.19812989
0.25600000 0.25568554 0.19834368
0.25640000 0.25627496 0.19880068
0.25680000 0.25676163 0.19917801
0.25720000 0.25710547 0.19944460
0.25760000 0.25762911 0.19985061
0.25800000 0.25810996 0.20022342
0.25840000 0.25807998 0.20020018
0.25880000 0.25855735 0.20057030
0.25920000 0.25893492 0.20086304
0.25960000 0.25947681 0.20128319
0.26000000 0.25968719 0.20144631
0.26040000 0.26022337 0.20186202
0.26080000 0.26066545 0.20220479
0.26120000 0.26125537 0.20266218
0.26160000 0.26124735 0.20265596
0.26200000 0.26183715 0.20311325
0.26240000 0.26205263 0.20328032
0.26280000 0.26264303 0.20373808
0.26320000 0.26289893 0.20393649
0.26360000 0.26342824 0.20434688
0.26400000 0.26382732 0.20465630
0.26440000 0.26436614 0.20507407
0.26480000 0.26495606 0.20553145
0.26520000 0.26481085 0.20541887
0.26560000 0.26536137 0.20584571
0.26600000 0.26585666 0.20622972
0.26640000 0.26609441 0.20641406
0.26680000 0.26668413 0.20687129
0.26720000 0.26679031 0.20695361
0.26760000 0.26729427 0.20734436
0.26800000 0.26760388 0.20758441
0.26840000 0.26805112 0.20793117
0.26880000 0.26864061 0.20838822
0.26920000 0.26889980 0.20858918
0.26960000 0.26948957 0.20904645
0.27000000 0.26990868 0.20937140
0.27040000 0.27000080 0.20944283
0.27080000 0.27059035 0.20989993
0.27120000 0.27082991 0.21008566
0.27160000 0.27134621 0.21048597
0.27200000 0.27179332 0.21083264
0.27240000 0.27196458 0.21096542
0.27280000 0.27255433 0.21142267
0.27320000 0.27289589 0.21168749
0.27360000 0.27348589 0.21214495
0.27400000 0.27374102 0.21234276
0.27440000 0.27401698 0.21255672
0.27480000 0.27455596 0.21297461
0.27520000 0.27514581 0.21343194
0.27560000 0.27511807 0.21341043
0.27600000 0.27561328 0.21379439
0.27640000 0.27606943 0.21414806
0.27680000 0.27640848 0.21441093
0.27720000 0.27699846 0.21486837
0.27760000 0.27739567 0.21517634
0.27800000 0.27751272 0.21526709
0.27840000 0.27810246 0.21572434
0.27880000 0.27832439 0.21589641
0.27920000 0.27891460 0.21635402
0.27960000 0.27932629 0.21667322
0.28000000 0.27983351 0.21706648
0.28040000 0.27988245 0.21710443
0.28080000 0.28034386 0.21746218
0.28120000 0.28082964 0.21783882
0.28160000 0.28115166 0.21808850
0.28200000 0.28168033 0.21849839
0.28240000 0.28200737 0.21875196
0.28280000 0.28228798 0.21896953
0.28320000 0.28284062 0.21939801
0.28360000 0.28303706 0.21955032
0.28400000 0.28355286 0.21995023
0.28440000 0.28407818 0.22035753
0.28480000 0.28423952 0.22048263
0.28520000 0.28471805 0.22085365
0.28560000 0.28508804 0.22114051
0.28600000 0.28567790 0.22159785
0.28640000 0.28602436 0.22186648
0.28680000 0.28621051 0.22201081
0.28720000 0.28670169 0.22239164
0.28760000 0.28699811 0.22262146
0.28800000 0.28758863 0.22307931
0.28840000 0.28794320 0.22335422
0.28880000 0.28831756 0.22364448
0.28920000 0.28858740 0.22385370
0.28960000 0.28917757 0.22431128
0.29000000 0.28965996 0.22468529
0.29040000 0.28980505 0.22479779
0.29080000 0.29032344 0.22519971
0.29120000 0.29061008 0.22542196
0.29160000 0.29116121 0.22584926
0.29200000 0.29153562 0.22613956
0.29240000 0.29189502 0.22641822
0.29280000 0.29210030 0.22657738
0.29320000 0.29259461 0.22696063
0.29360000 0.29294217 0.22723011
0.29400000 0.29329003 0.22749982
0.29440000 0.29388042 0.22795757
0.29480000 0.29405821 0.22809541
0.29520000 0.29454209 0.22847059
0.29560000 0.29487118 0.22872574
0.29600000 0.29546127 0.22918326
0.29640000 0.29561913 0.22930565
0.29680000 0.29612465 0.22969760
0.29720000 0.29648928 0.22998032
0.29760000 0.29698956 0.23036820
0.29800000 0.29726847 0.23058445
0.29840000 0.29755582 0.23080725
0.29880000 0.29803269 0.23117698
0.29920000 0.29862247 0.23163425
0.29960000 0.29883135 0.23179620
0.30000000 0.29929856 0.23215845
0.30040000 0.29988810 0.23261554
0.30080000 0.30026442 0.23290732
0.30120000 0.30032327 0.23295295
0.30160000 0.30077549 0.23330357
0.30200000 0.30131283 0.23372019
0.30240000 0.30157218 0.23392127
0.30280000 0.30208265 0.23431706
0.30320000 0.30238766 0.23455354
0.30360000 0.30274114 0.23482761
0.30400000 0.30325662 0.23522728
0.30440000 0.30347094 0.23539345
0.30480000 0.30395757 0.23577075
0.30520000 0.30454714 0.23622787
0.30560000 0.30467397 0.23632621
0.30600000 0.30517539 0.23671497
0.30640000 0.30548398 0.23695423
0.30680000 0.30595943 0.23732287
0.30720000 0.30649387 0.23773724
0.30760000 0.30672384 0.23791555
0.30800000 0.30699108 0.23812274
0.30840000 0.30752174 0.23853419
0.30880000 0.30804826 0.23894242
0.30920000 0.30823655 0.23908840
0.30960000 0.30876672 0.23949947
0.31000000 0.30925502 0.23987806
0.31040000 0.30949059 0.24006071
0.31080000 0.31008018 0.24051784
0.31120000 0.31041335 0.24077615
0.31160000 0.31100270 0.24123310
0.31200000 0.31095076 0.24119283
0.31240000 0.31138028 0.24152585
0.31280000 0.31196973 0.24198287
0.31320000 0.31231154 0.24224789
0.31360000 0.31276908 0.24260264
0.31400000 0.31335837 0.24305954
0.31440000 0.31334077 0.24304589
0.31480000 0.31387713 0.24346175
0.31520000 0.31435259 0.24383039
0.31560000 0.31473394 0.24412607
0.31600000 0.31505856 0.24437775
0.31640000 0.31527911 0.24454876
0.31680000 0.31573673 0.24490357
0.31720000 0.31612791 0.24520686
0.31760000 0.31650190 0.24549683
0.31800000 0.31709194 0.24595431
0.31840000 0.31731861 0.24613006
0.31880000 0.31783645 0.24653156
0.31920000 0.31806547 0.24670913
0.31960000 0.31860649 0.24712859
0.32000000 0.31881241 0.24728826
0.32040000 0.31934323 0.24769982
0.32080000 0.31993343 0.24815742
0.32120000 0.32015254 0.24832731
0.32160000 0.32039777 0.24851745
0.32200000 0.32098801 0.24897508
0.32240000 0.32131268 0.24922681
0.32280000 0.32184157 0.24963687
0.32320000 0.32198895 0.24975114
0.32360000 0.32249238 0.25014147
0.32400000 0.32301869 0.25054954
0.32440000 0.32348516 0.25091121
0.32480000 0.32387213 0.25121124
0.32520000 0.32399776 0.25130865
0.32560000 0.32449240 0.25169216
0.32600000 0.32486725 0.25198279
0.32640000 0.32530454 0.25232184
0.32680000 0.32567890 0.25261210
0.32720000 0.32626892 0.25306956
0.32760000 0.32638971 0.25316321
0.32800000 0.32670059 0.25340425
0.32840000 0.32725058 0.25383068
0.32880000 0.32769728 0.25417702
0.32920000 0.32792939 0.25435698
0.32960000 0.32843663 0.25475027
0.33000000 0.32872730 0.25497564
0.33040000 0.32924165 0.25537443
0.33080000 0.32963970 0.25568305
0.33120000 0.33010764 0.25604586
0.33160000 0.33026048 0.25616436
0.33200000 0.33066384 0.25647710
0.33240000 0.33105719 0.25678209
0.33280000 0.33152480 0.25714464
0.33320000 0.33189777 0.25743381
0.33360000 0.33219943 0.25766770
0.33400000 0.33269892 0.25805497
0.33440000 0.33303669 0.25831686
0.33480000 0.33348546 0.25866481
0.33520000 0.33401764 0.25907743
0.33560000 0.33428008 0.25928091
0.33600000 0.33478104 0.25966932
0.33640000 0.33513775 0.25994589
0.33680000 0.33572698 0.26040274
0.33720000 0.33601095 0.26062292
0.33760000 0.33618466 0.26075760
0.33800000 0.33677435 0.26121480
0.33840000 0.33714682 0.26150360
0.33880000 0.33736619 0.26167368
0.33920000 0.33773716 0.26196131
0.33960000 0.33821761 0.26233381
0.34000000 0.33874599 0.26274349
0.34040000 0.33913726 0.26304686
0.34080000 0.33934637 0.26320899
0.34120000 0.33989606 0.26363518
0.34160000 0.34016090 0.26384052
0.34200000 0.34047483 0.26408392
0.34240000 0.34101741 0.26450460
0.34280000 0.34141820 0.26481535
0.34320000 0.34172164 0.26505062
0.34360000 0.34221140 0.26543035
0.34400000 0.34245332 0.26561792
0.34440000 0.34292183 0.26598117
0.34480000 0.34345126 0.26639166
0.34520000 0.34373774 0.26661378
0.34560000 0.34418444 0.26696012
0.34600000 0.34477461 0.26741770
0.34640000 0.34504520 0.26762750
0.34680000 0.34563461 0.26808449
0.34720000 0.34562135 0.26807421
0.34760000 0.34621074 0.26853118
0.34800000 0.34649196 0.26874923
0.34840000 0.34708135 0.26920620
0.34880000 0.34748336 0.26951790
0.34920000 0.34760820 0.26961469
0.34960000 0.34809917 0.26999535
0.35000000 0.34847607 0.27028758
0.35040000 0.34880731 0.27054440
0.35080000 0.34935634 0.27097009
0.35120000 0.34986105 0.27136140
0.35160000 0.34996241 0.27143999
0.35200000 0.35045954 0.27182543
0.35240000 0.35099609 0.27224144
0.35280000 0.35112896 0.27234446
0.35320000 0.35152614 0.27265241
0.35360000 0.35199864 0.27301875
0.35400000 0.35252538 0.27342716
0.35440000 0.35271118 0.27357121
0.35480000 0.35321131 0.27395898
0.35520000 0.35372608 0.27435810
0.35560000 0.35391900 0.27450768
0.35600000 0.35446116 0.27492804
0.35640000 0.35463364 0.27506177
0.35680000 0.35522421 0.27551965
0.35720000 0.35564944 0.27584936
0.35760000 0.35591930 0.27605859
0.35800000 0.35650897 0.27651578
0.35840000 0.35668523 0.27665244
0.35880000 0.35727510 0.27710978
0.35920000 0.35744822 0.27724402
0.35960000 0.35792287 0.27761203
0.36000000 0.35796433 0.27764417
0.36040000 0.35840960 0.27798940
0.36080000 0.35895070 0.27840894
0.36120000 0.35944960 0.27879576
0.36160000 0.35984657 0.27910354
0.36200000 0.36034815 0.27949243
0.36240000 0.36054672 0.27964640
0.36280000 0.36113639 0.28010359
0.36320000 0.35727380 0.27710878
0.36320000 0.35727380 0.27710878
0.36280000 0.35737818 0.27718971
0.36240000 0.35717098 0.27702906
0.36200000 0.35696641 0.27687045
0.36160000 0.35663403 0.27661275
0.36120000 0.35602979 0.27614425
0.36080000 0.35549504 0.27572964
0.36040000 0.35455254 0.27499888
0.36000000 0.35383286 0.27444089
0.35960000 0.35358284 0.27424704
0.35920000 0.35328362 0.27401505
0.35880000 0.35360258 0.27426235
0.35840000 0.35319522 0.27394651
0.35800000 0.35292581 0.27373762
0.35760000 0.35257552 0.27346603
0.35720000 0.35190821 0.27294864
0.35680000 0.35103384 0.27227071
0.35640000 0.35039967 0.27177902
0.35600000 0.35018001 0.27160871
0.35560000 0.34994868 0.27142934
0.35520000 0.34965354 0.27120051
0.35480000 0.34934480 0.27096113
0.35440000 0.34914798 0.27080853
0.35400000 0.34886955 0.27059266
0.35360000 0.34843521 0.27025590
0.35320000 0.34793067 0.26986471
0.35280000 0.34744815 0.26949060
0.35240000 0.34692484 0.26908485
0.35200000 0.34644747 0.26871473
0.35160000 0.34583157 0.26823720
0.35120000 0.34553921 0.26801052
0.35080000 0.34543907 0.26793288
0.35040000 0.34521832 0.26776173
0.35000000 0.34484525 0.26747247
0.34960000 0.34442790 0.26714888
0.34920000 0.34425333 0.26701353
0.34880000 0.34363634 0.26653516
0.34840000 0.34302908 0.26606433
0.34800000 0.34237002 0.26555334
0.34760000 0.34193851 0.26521876
0.34720000 0.34150790 0.26488490
0.34680000 0.34133039 0.26474727
0.34640000 0.34115381 0.26461036
0.34600000 0.34090511 0.26441754
0.34560000 0.34050675 0.26410867
0.34520000 0.34001181 0.26372493
0.34480000 0.33958825 0.26339652
0.34440000 0.33917059 0.26307270
0.34400000 0.33869369 0.26270294
0.34360000 0.33817590 0.26230148
0.34320000 0.33770933 0.26193973
0.34280000 0.33741408 0.26171081
0.34240000 0.33713638 0.26149550
0.34200000 0.33678315 0.26122162
0.34160000 0.33637949 0.26090866
0.34120000 0.33619082 0.26076238
0.34080000 0.33581382 0.26047007
0.34040000 0.33513942 0.25994718
0.34000000 0.33446228 0.25942218
0.33960000 0.33393091 0.25901018
0.33920000 0.33365868 0.25879911
0.33880000 0.33333469 0.25854791
0.33840000 0.33311762 0.25837961
0.33800000 0.33297266 0.25826722
0.33760000 0.33269087 0.25804873
0.33720000 0.33211006 0.25759841
0.33680000 0.33169741 0.25727847
0.33640000 0.33120921 0.25689995
0.33600000 0.33089419 0.25665570
0.33560000 0.33029207 0.25618886
0.33520000 0.32982426 0.25582615
0.33480000 0.32963464 0.25567913
0.33440000 0.32920148 0.25534328
0.33400000 0.32883201 0.25505682
0.33360000 0.32850943 0.25480671
0.33320000 0.32824254 0.25459978
0.33280000 0.32770777 0.25418515
0.33240000 0.32724878 0.25382928
0.33200000 0.32678606 0.25347052
0.33160000 0.32646275 0.25321984
0.33120000 0.32596234 0.25283186
0.33080000 0.32567353 0.25260793
0.33040000 0.32519588 0.25223759
0.33000000 0.32486778 0.25198321
0.32960000 0.32459703 0.25177328
0.32920000 0.32422660 0.25148607
0.32880000 0.32386197 0.25120336
0.32840000 0.32321296 0.25070017
0.32800000 0.32280947 0.25038732
0.32760000 0.32249391 0.25014265
0.32720000 0.32225975 0.24996111
0.32680000 0.32175368 0.24956873
0.32640000 0.32133153 0.24924142
0.32600000 0.32100193 0.24898587
0.32560000 0.32070055 0.24875220
0.32520000 0.32026777 0.24841665
0.32480000 0.31966146 0.24794655
0.32440000 0.31925016 0.24762766
0.32400000 0.31895324 0.24739745
0.32360000 0.31857831 0.24710675
0.32320000 0.31809690 0.24673349
0.32280000 0.31776509 0.24647623
0.32240000 0.31742452 0.24621217
0.32200000 0.31718383 0.24602556
0.32160000 0.31633232 0.24536535
0.32120000 0.31585050 0.24499178
0.32080000 0.31569833 0.24487379
0.32040000 0.31544271 0.24467560
0.32000000 0.31500937 0.24433962
0.31960000 0.31460430 0.24402555
0.31920000 0.31418354 0.24369932
0.31880000 0.31371264 0.24333422
0.31840000 0.31332405 0.24303293
0.31800000 0.31313467 0.24288610
0.31760000 0.31275224 0.24258959
0.31720000 0.31217467 0.24214177
0.31680000 0.31164604 0.24173191
0.31640000 0.31134394 0.24149768
0.31600000 0.31103961 0.24126172
0.31560000 0.31074218 0.24103111
0.31520000 0.31038192 0.24075179
0.31480000 0.31009126 0.24052643
0.31440000 0.30920925 0.23984258
0.31400000 0.30873991 0.23947868
0.31360000 0.30831936 0.23915261
0.31320000 0.30805323 0.23894627
0.31280000 0.30786448 0.23879993
0.31240000 0.30773697 0.23870106
0.31200000 0.30723536 0.23831215
0.31160000 0.30674280 0.23793025
0.31120000 0.30622332 0.23752747
0.31080000 0.30571935 0.23713673
0.31040000 0.30525587 0.23677737
0.31000000 0.30498942 0.23657078
0.30960000 0.30455687 0.23623541
0.30920000 0.30422847 0.23598079
0.30880000 0.30386938 0.23570238
0.30840000 0.30365023 0.23553246
0.30800000 0.30330527 0.23526500
0.30760000 0.30277298 0.23485230
0.30720000 0.30238315 0.23455004
0.30680000 0.30187574 0.23415664
0.30640000 0.30133136 0.23373455
0.30600000 0.30096296 0.23344892
0.30560000 0.30061723 0.23318087
0.30520000 0.30032016 0.23295054
0.30480000 0.30005027 0.23274128
0.30440000 0.29955432 0.23235675
0.30400000 0.29923503 0.23210919
0.30360000 0.29890422 0.23185271
0.30320000 0.29861230 0.23162637
0.30280000 0.29787673 0.23105606
0.30240000 0.29714559 0.23048918
0.30200000 0.29692139 0.23031535
0.30160000 0.29659560 0.23006275
0.30120000 0.29643025 0.22993455
0.30080000 0.29620357 0.22975879
0.30040000 0.29585421 0.22948793
0.30000000 0.29529157 0.22905169
0.29960000 0.29464341 0.22854915
0.29920000 0.29419145 0.22819872
0.29880000 0.29351953 0.22767776
0.29840000 0.29331340 0.22751794
0.29800000 0.29298934 0.22726669
0.29760000 0.29284515 0.22715489
0.29720000 0.29258766 0.22695525
0.29680000 0.29209675 0.22657462
0.29640000 0.29163425 0.22621603
0.29600000 0.29113345 0.22582774
0.29560000 0.29052544 0.22535633
0.29520000 0.29018424 0.22509178
0.29480000 0.28980371 0.22479675
0.29440000 0.28968361 0.22470363
0.29400000 0.28949388 0.22455653
0.29360000 0.28913867 0.22428112
0.29320000 0.28863227 0.22388849
0.29280000 0.28802401 0.22341688
0.29240000 0.28748943 0.22300240
0.29200000 0.28705754 0.22266755
0.29160000 0.28670630 0.22239522
0.29120000 0.28628997 0.22207242
0.29080000 0.28593930 0.22180053
0.29040000 0.28580178 0.22169390
0.29000000 0.28543016 0.22140578
0.28960000 0.28501651 0.22108505
0.28920000 0.28433858 0.22055943
0.28880000 0.28394656 0.22025548
0.28840000 0.28354488 0.21994405
0.28800000 0.28321513 0.21968838
0.28760000 0.28281468 0.21937790
0.28720000 0.28243728 0.21908528
0.28680000 0.28202034 0.21876202
0.28640000 0.28173040 0.21853721
0.28600000 0.28148498 0.21834693
0.28560000 0.28093486 0.21792041
0.28520000 0.28046983 0.21755985
0.28480000 0.28008487 0.21726138
0.28440000 0.27978892 0.21703191
0.28400000 0.27928474 0.21664101
0.28360000 0.27868279 0.21617429
0.28320000 0.27830431 0.21588084
0.28280000 0.27811552 0.21573447
0.28240000 0.27787174 0.21554546
0.28200000 0.27763092 0.21535873
0.28160000 0.27717440 0.21500478
0.28120000 0.27680911 0.21472156
0.28080000 0.27610397 0.21417484
0.28040000 0.27544865 0.21366675
0.28000000 0.27508540 0.21338510
0.27960000 0.27464340 0.21304240
0.27920000 0.27442564 0.21287357
0.27880000 0.27431117 0.21278481
0.27840000 0.27396434 0.21251591
0.27800000 0.27353596 0.21218377
0.27760000 0.27316786 0.21189837
0.27720000 0.27246842 0.21135606
0.27680000 0.27196714 0.21096741
0.27640000 0.27126629 0.21042401
0.27600000 0.27106968 0.21027157
0.27560000 0.27094847 0.21017759
0.27520000 0.27096735 0.21019223
0.27480000 0.27042745 0.20977362
0.27440000 0.27017244 0.20957590
0.27400000 0.26924760 0.20885885
0.27360000 0.26868689 0.20842411
0.27320000 0.26832653 0.20814471
0.27280000 0.26802090 0.20790774
0.27240000 0.26751211 0.20751325
0.27200000 0.26736767 0.20740127
0.27160000 0.26724188 0.20730373
0.27120000 0.26694112 0.20707054
0.27080000 0.26638962 0.20664294
0.27040000 0.26576216 0.20615645
0.27000000 0.26526024 0.20576729
0.26960000 0.26484503 0.20544537
0.26920000 0.26419733 0.20494318
0.26880000 0.26406961 0.20484415
0.26840000 0.26394060 0.20474413
0.26800000 0.26396738 0.20476489
0.26760000 0.26319415 0.20416538
0.26720000 0.26261616 0.20371725
0.26680000 0.26217038 0.20337161
0.26640000 0.26168021 0.20299157
0.26600000 0.26134754 0.20273364
0.26560000 0.26084216 0.20234180
0.26520000 0.26058219 0.20214023
0.26480000 0.26025181 0.20188408
0.26440000 0.25983818 0.20156337
0.26400000 0.25942390 0.20124217
0.26360000 0.25916149 0.20103871
0.26320000 0.25879957 0.20075810
0.26280000 0.25856822 0.20057873
0.26240000 0.25804347 0.20017187
0.26200000 0.25750723 0.19975611
0.26160000 0.25700816 0.19936916
0.26120000 0.25654490 0.19900997
0.26080000 0.25610818 0.19867137
0.26040000 0.25585245 0.19847309
0.26000000 0.25549862 0.19819875
0.25960000 0.25514605 0.19792539
0.25920000 0.25476323 0.19762858
0.25880000 0.25437300 0.19732602
0.25840000 0.25381104 0.19689031
0.25800000 0.25341967 0.19658687
0.25760000 0.25301513 0.19627322
0.25720000 0.25269455 0.19602466
0.25680000 0.25229150 0.19571216
0.25640000 0.25191858 0.19542302
0.25600000 0.25172459 0.19527261
0.25560000 0.25135474 0.19498585
0.25520000 0.25073900 0.19450844
0.25480000 0.25033757 0.19419721
0.25440000 0.25000641 0.19394044
0.25400000 0.24952213 0.19356496
0.25360000 0.24908146 0.19322330
0.25320000 0.24869613 0.19292453
0.25280000 0.24822994 0.19256308
0.25240000 0.24784589 0.19226532
0.25200000 0.24744240 0.19195247
0.25160000 0.24724212 0.19179719
0.25120000 0.24666249 0.19134778
0.25080000 0.24640719 0.19114983
0.25040000 0.24615394 0.19095348
0.25000000 0.24579356 0.19067407
0.24960000 0.24534005 0.19032245
0.24920000 0.24475206 0.18986655
0.24880000 0.24419855 0.18943740
0.24840000 0.24390686 0.18921124
0.24800000 0.24342813 0.18884006
0.24760000 0.24313339 0.18861154
0.24720000 0.24289585 0.18842736
0.24680000 0.24266833 0.18825096
0.24640000 0.24230334 0.18796797
0.24600000 0.24164444 0.18745710
0.24560000 0.24096879 0.18693325
0.24520000 0.24064445 0.18668177
0.24480000 0.24041659 0.18650511
0.24440000 0.24009707 0.18625737
0.24400000 0.23990484 0.18610833
0.24360000 0.23939403 0.18571228
0.24320000 0.23911634 0.18549698
0.24280000 0.23850155 0.18502030
0.24240000 0.23780231 0.18447815
0.24200000 0.23729644 0.18408594
0.24160000 0.23689500 0.18377469
0.24120000 0.23673780 0.18365280
0.24080000 0.23659383 0.18354118
0.24040000 0.23631459 0.18332467
0.24000000 0.23589390 0.18299850
0.23960000 0.23568855 0.18283928
0.23920000 0.23484948 0.18218872
0.23880000 0.23420452 0.18168866
0.23840000 0.23375787 0.18134236
0.23800000 0.23345462 0.18110723
0.23760000 0.23331543 0.18099932
0.23720000 0.23333020 0.18101077
0.23680000 0.23282661 0.18062031
0.23640000 0.23257207 0.18042296
0.23600000 0.23206172 0.18002727
0.23560000 0.23119426 0.17935470
0.23520000 0.23066360 0.17894326
0.23480000 0.23017781 0.17856661
0.23440000 0.22989717 0.17834901
0.23400000 0.22998368 0.17841609
0.23360000 0.22991807 0.17836522
0.23320000 0.22933976 0.17791683
0.23280000 0.22886495 0.17754869
0.23240000 0.22798265 0.17686462
0.23200000 0.22759427 0.17656349
0.23160000 0.22734241 0.17636821
0.23120000 0.22662486 0.17581188
0.23080000 0.22689573 0.17602189
0.23040000 0.22647011 0.17569189
0.23000000 0.22633248 0.17558518
0.22960000 0.22577296 0.17515137
0.22920000 0.22493174 0.17449913
0.22880000 0.22426411 0.17398150
0.22840000 0.22369448 0.17353984
0.22800000 0.22355248 0.17342975
0.22760000 0.22331364 0.17324456
0.22720000 0.22320799 0.17316265
0.22680000 0.22285366 0.17288793
0.22640000 0.22251339 0.17262410
0.22600000 0.22201502 0.17223769
0.22560000 0.22138773 0.17175133
0.22520000 0.22091024 0.17138111
0.22480000 0.22043609 0.17101349
0.22440000 0.21984998 0.17055906
0.22400000 0.21969702 0.17044046
0.22360000 0.21968885 0.17043413
0.22320000 0.21927123 0.17011034
0.22280000 0.21884768 0.16978194
0.22240000 0.21824160 0.16931202
0.22200000 0.21779787 0.16896798
0.22160000 0.21730142 0.16858306
0.22120000 0.21679323 0.16818905
0.22080000 0.21648745 0.16795196
0.22040000 0.21644492 0.16791899
0.22000000 0.21627252 0.16778532
0.21960000 0.21570429 0.16734476
0.21920000 0.21524125 0.16698574
0.21880000 0.21472956 0.16658901
0.21840000 0.21423703 0.16620713
0.21800000 0.21354585 0.16567124
0.21760000 0.21333311 0.16550629
0.21720000 0.21301089 0.16525646
0.21680000 0.21280411 0.16509614
0.21640000 0.21251158 0.16486933
0.21600000 0.21202329 0.16449074
0.21560000 0.21153087 0.16410895
0.21520000 0.21096989 0.16367400
0.21480000 0.21062506 0.16340664
0.21440000 0.21022918 0.16309970
0.21400000 0.20987624 0.16282605
0.21360000 0.20951667 0.16254727
0.21320000 0.20948758 0.16252471
0.21280000 0.20892701 0.16209008
0.21240000 0.20835858 0.16164936
0.21200000 0.20804100 0.16140312
0.21160000 0.20754357 0.16101745
0.21120000 0.20719432 0.16074666
0.21080000 0.20676709 0.16041542
0.21040000 0.20643387 0.16015705
0.21000000 0.20609587 0.15989500
0.20960000 0.20551096 0.15944149
0.20920000 0.20492292 0.15898556
0.20880000 0.20481081 0.15889864
0.20840000 0.20446929 0.15863385
0.20800000 0.20408710 0.15833752
0.20760000 0.20367028 0.15801434
0.20720000 0.20315416 0.15761418
0.20680000 0.20284495 0.15737444
0.20640000 0.20206904 0.15677285
0.20600000 0.20179261 0.15655852
0.20560000 0.20152618 0.15635195
0.20520000 0.20114342 0.15605518
0.20480000 0.20081511 0.15580062
0.20440000 0.20054766 0.15559327
0.20400000 0.20014207 0.15527880
0.20360000 0.19973833 0.15496576
0.20320000 0.19931042 0.15463399
0.20280000 0.19877736 0.15422068
0.20240000 0.19819355 0.15376803
0.20200000 0.19777636 0.15344457
0.20160000 0.19741449 0.15316400
0.20120000 0.19743788 0.15318214
0.20080000 0.19707764 0.15290283
0.20040000 0.19671221 0.15261950
0.20000000 0.19612404 0.15216347
0.19960000 0.19545727 0.15164649
0.19920000 0.19495038 0.15125349
0.19880000 0.19472844 0.15108141
0.19840000 0.19434542 0.15078444
0.19800000 0.19422812 0.15069350
0.19760000 0.19396745 0.15049139
0.19720000 0.19344245 0.15008433
0.19680000 0.19295925 0.14970969
0.19640000 0.19255481 0.14939611
0.19600000 0.19188430 0.14887624
0.19560000 0.19148634 0.14856769
0.19520000 0.19107233 0.14824669
0.19480000 0.19082243 0.14805294
0.19440000 0.19067377 0.14793767
0.19400000 0.19034843 0.14768543
0.19360000 0.19008993 0.14748500
0.19320000 0.18948235 0.14701392
0.19280000 0.18882240 0.14650224
0.19240000 0.18829398 0.14609254
0.19200000 0.18774940 0.14567030
0.19160000 0.18763537 0.14558189
0.19120000 0.18752419 0.14549569
0.19080000 0.18722671 0.14526504
0.19040000 0.18667433 0.14483676
0.19000000 0.18608347 0.14437865
0.18960000 0.18550905 0.14393328
0.18920000 0.18517709 0.14367590
0.18880000 0.18475739 0.14335049
0.18840000 0.18452333 0.14316901
0.18800000 0.18423296 0.14294388
0.18760000 0.18383263 0.14263349
0.18720000 0.18341852 0.14231241
0.18680000 0.18302497 0.14200728
0.18640000 0.18261723 0.14169115
0.18600000 0.18217027 0.14134460
0.18560000 0.18190453 0.14113856
0.18520000 0.18123929 0.14062278
0.18480000 0.18091685 0.14037278
0.18440000 0.18044498 0.14000692
0.18400000 0.18021907 0.13983176
0.18360000 0.17992635 0.13960481
0.18320000 0.17950773 0.13928023
0.18280000 0.17917066 0.13901889
0.18240000 0.17859907 0.13857572
0.18200000 0.17800446 0.13811469
0.18160000 0.17756706 0.13777556
0.18120000 0.17726165 0.13753877
0.18080000 0.17695570 0.13730155
0.18040000 0.17659932 0.13702524
0.18000000 0.17614170 0.13667043
0.17960000 0.17588915 0.13647462
0.17920000 0.17550614 0.13617765
0.17880000 0.17504929 0.13582344
0.17840000 0.17454098 0.13542933
0.17800000 0.17417172 0.13514303
0.17760000 0.17365844 0.13474507
0.17720000 0.17329011 0.13445949
0.17680000 0.17304421 0.13426883
0.17640000 0.17280245 0.13408139
0.17600000 0.17242922 0.13379200
0.17560000 0.17217826 0.13359743
0.17520000 0.17159971 0.13314886
0.17480000 0.17086232 0.13257713
0.17440000 0.17046698 0.13227061
0.17400000 0.16996514 0.13188151
0.17360000 0.16981751 0.13176705
0.17320000 0.16956064 0.13156789
0.17280000 0.16922605 0.13130848
0.17240000 0.16878278 0.13096479
0.17200000 0.16833483 0.13061748
0.17160000 0.16780715 0.13020835
0.17120000 0.16736879 0.12986847
0.17080000 0.16688672 0.12949470
0.17040000 0.16643431 0.12914394
0.17000000 0.16621289 0.12897226
0.16960000 0.16590594 0.12873427
0.16920000 0.16560803 0.12850329
0.16880000 0.16521863 0.12820137
0.16840000 0.16473701 0.12782796
0.16800000 0.16424191 0.12744409
0.16760000 0.16366452 0.12699641
0.16720000 0.16318763 0.12662667
0.16680000 0.16285934 0.12637213
0.16640000 0.16277158 0.12630408
0.16600000 0.16244585 0.12605153
0.16560000 0.16190185 0.12562975
0.16520000 0.16165176 0.12543585
0.16480000 0.16097361 0.12491005
0.16440000 0.16041952 0.12448045
0.16400000 0.16000927 0.12416236
0.16360000 0.15983825 0.12402976
0.16320000 0.15962088 0.12386123
0.16280000 0.15920635 0.12353983
0.16240000 0.15868140 0.12313282
0.16200000 0.15842184 0.12293157
0.16160000 0.15792153 0.12254366
0.16120000 0.15737273 0.12211816
0.16080000 0.15697759 0.12181179
0.16040000 0.15659215 0.12151294
0.16000000 0.15636918 0.12134007
0.15960000 0.15597734 0.12103626
0.15920000 0.15560312 0.12074612
0.15880000 0.15514862 0.12039373
0.15840000 0.15477466 0.12010378
0.15800000 0.15423461 0.11968506
0.15760000 0.15392666 0.11944630
0.15720000 0.15360740 0.11919876
0.15680000 0.15317979 0.11886722
0.15640000 0.15277408 0.11855265
0.15600000 0.15239913 0.11826195
0.15560000 0.15199203 0.11794631
0.15520000 0.15147493 0.11754538
0.15480000 0.15091564 0.11711174
0.15440000 0.15063985 0.11689791
0.15400000 0.15018352 0.11654410
0.15360000 0.14979968 0.11624649
0.15320000 0.14970140 0.11617030
0.15280000 0.14936953 0.11591299
0.15240000 0.14874656 0.11542997
0.15200000 0.14811506 0.11494035
0.15160000 0.14779915 0.11469541
0.15120000 0.14746007 0.11443251
0.15080000 0.14705770 0.11412054
0.15040000 0.14680034 0.11392100
0.15000000 0.14637863 0.11359403
0.14960000 0.14595368 0.11326455
0.14920000 0.14533246 0.11278290
0.14880000 0.14510620 0.11260747
0.14840000 0.14467018 0.11226941
0.14800000 0.14434207 0.11201501
0.14760000 0.14395739 0.11171675
0.14720000 0.14363756 0.11146878
0.14680000 0.14321212 0.11113892
0.14640000 0.14277328 0.11079867
0.14600000 0.14250232 0.11058859
0.14560000 0.14215683 0.11032072
0.14520000 0.14156977 0.10986555
0.14480000 0.14104118 0.10945571
0.14440000 0.14065608 0.10915713
0.14400000 0.14042840 0.10898060
0.14360000 0.14012821 0.10874785
0.14320000 0.13976427 0.10846567
0.14280000 0.13915687 0.10799474
0.14240000 0.13861967 0.10757823
0.14200000 0.13837372 0.10738753
0.14160000 0.13780349 0.10694541
0.14120000 0.13742124 0.10664903
0.14080000 0.13740650 0.10663761
0.14040000 0.13699959 0.10632211
0.14000000 0.13657454 0.10599256
0.13960000 0.13594742 0.10550633
0.13920000 0.13525004 0.10496563
0.13880000 0.13513446 0.10487601
0.13840000 0.13469285 0.10453362
0.13800000 0.13457486 0.10444213
0.13760000 0.13426425 0.10420131
0.13720000 0.13382280 0.10385904
0.13680000 0.13323447 0.10340288
0.13640000 0.13272673 0.10300921
0.13600000 0.13219232 0.10259487
0.13560000 0.13181921 0.10230558
0.13520000 0.13176798 0.10226586
0.13480000 0.13130950 0.10191038
0.13440000 0.13081801 0.10152931
0.13400000 0.13050820 0.10128911
0.13360000 0.13006806 0.10094785
0.13320000 0.12949324 0.10050217
0.13280000 0.12913086 0.10022120
0.13240000 0.12882529 0.09998428
0.13200000 0.12847424 0.09971210
0.13160000 0.12809709 0.09941968
0.13120000 0.12764221 0.09906700
0.13080000 0.12733384 0.09882791
0.13040000 0.12698230 0.09855535
0.13000000 0.12638842 0.09809489
0.12960000 0.12580550 0.09764293
0.12920000 0.12552851 0.09742817
0.12880000 0.12521710 0.09718672
0.12840000 0.12494526 0.09697595
0.12800000 0.12454857 0.09666839
0.12760000 0.12420700 0.09640356
0.12720000 0.12360128 0.09593392
0.12680000 0.12317708 0.09560502
0.12640000 0.12280743 0.09531841
0.12600000 0.12230283 0.09492718
0.12560000 0.12214726 0.09480657
0.12520000 0.12177819 0.09452041
0.12480000 0.12139056 0.09421986
0.12440000 0.12077297 0.09374103
0.12400000 0.12044792 0.09348901
0.12360000 0.11996319 0.09311318
0.12320000 0.11964015 0.09286271
0.12280000 0.11928956 0.09259088
0.12240000 0.11898105 0.09235169
0.12200000 0.11858288 0.09204296
0.12160000 0.11792091 0.09152972
0.12120000 0.11760799 0.09128710
0.12080000 0.11718380 0.09095821
0.12040000 0.11686004 0.09070719
0.12000000 0.11645176 0.09039064
0.11960000 0.11608139 0.09010347
0.11920000 0.11574753 0.08984462
0.11880000 0.11530633 0.08950254
0.11840000 0.11488121 0.08917293
0.11800000 0.11438882 0.08879116
0.11760000 0.11406830 0.08854264
0.11720000 0.11372152 0.08827378
0.11680000 0.11331212 0.08795635
0.11640000 0.11283105 0.08758336
0.11600000 0.11264128 0.08743622
0.11560000 0.11228862 0.08716280
0.11520000 0.11183817 0.08681354
0.11480000 0.11122862 0.08634094
0.11440000 0.11067710 0.08591333
0.11400000 0.11055017 0.08581491
0.11360000 0.11027670 0.08560288
0.11320000 0.10995502 0.08535347
0.11280000 0.10935173 0.08488572
0.11240000 0.10902034 0.08462878
0.11200000 0.10863266 0.08432820
0.11160000 0.10811276 0.08392510
0.11120000 0.10762227 0.08354480
0.11080000 0.10741863 0.08338691
0.11040000 0.10703508 0.08308953
0.11000000 0.10652158 0.08269140
0.10960000 0.10617846 0.08242536
0.10920000 0.10554144 0.08193146
0.10880000 0.10525681 0.08171078
0.10840000 0.10505511 0.08155439
0.10800000 0.10471630 0.08129170
0.10760000 0.10426880 0.08094473
0.10720000 0.10382249 0.08059870
0.10680000 0.10334965 0.08023208
0.10640000 0.10307929 0.08002246
0.10600000 0.10260082 0.07965149
0.10560000 0.10214786 0.07930029
0.10520000 0.10188155 0.07909382
0.10480000 0.10156297 0.07884681
0.10440000 0.10107304 0.07846695
0.10400000 0.10041749 0.07795867
0.10360000 0.10010013 0.07771261
0.10320000 0.09964789 0.07736198
0.10280000 0.09937104 0.07714733
0.10240000 0.09904658 0.07689576
0.10200000 0.09865119 0.07658920
0.10160000 0.09835374 0.07635857
0.10120000 0.09780781 0.07593529
0.10080000 0.09729752 0.07553965
0.10040000 0.09707896 0.07537019
0.10000000 0.09661048 0.07500696
0.09960000 0.09619238 0.07468280
0.09920000 0.09573645 0.07432929
0.09880000 0.09550106 0.07414678
0.09840000 0.09517604 0.07389479
0.09800000 0.09466988 0.07350234
0.09760000 0.09420828 0.07314445
0.09720000 0.09391446 0.07291664
0.09680000 0.09357769 0.07265552
0.09640000 0.09313475 0.07231210
0.09600000 0.09284602 0.07208824
0.09560000 0.09236706 0.07171688
0.09520000 0.09186419 0.07132699
0.09480000 0.09135166 0.07092960
0.09440000 0.09099390 0.07065222
0.09400000 0.09059518 0.07034308
0.09360000 0.09021377 0.07004735
0.09320000 0.08984712 0.06976308
0.09280000 0.08955585 0.06953725
0.09240000 0.08903772 0.06913553
0.09200000 0.08843390 0.06866736
0.09160000 0.08815250 0.06844918
0.09120000 0.08780509 0.06817982
0.09080000 0.08735065 0.06782747
0.09040000 0.08683604 0.06742848
0.09000000 0.08712237 0.06765049
0.08960000 0.08642323 0.06710841
0.08920000 0.08607217 0.06683622
0.08880000 0.08543298 0.06634064
0.08840000 0.08520733 0.06616568
0.08800000 0.08492553 0.06594719
0.08760000 0.08438376 0.06552714
0.08720000 0.08391017 0.06515994
0.08680000 0.08362134 0.06493601
0.08640000 0.08315818 0.06457690
0.08600000 0.08264124 0.06417610
0.08560000 0.08223313 0.06385967
0.08520000 0.08206826 0.06373185
0.08480000 0.08152937 0.06331402
0.08440000 0.08091993 0.06284150
0.08400000 0.08058880 0.06258477
0.08360000 0.08036286 0.06240958
0.08320000 0.07993425 0.06207727
0.08280000 0.07964765 0.06185506
0.08240000 0.07915596 0.06147383
0.08200000 0.07865351 0.06108427
0.08160000 0.07821775 0.06074640
0.08120000 0.07797024 0.06055450
0.08080000 0.07759417 0.06026292
0.08040000 0.07723200 0.05998212
0.08000000 0.07686400 0.05969679
0.07960000 0.07636276 0.05930816
0.07920000 0.07588047 0.05893423
0.07880000 0.07557903 0.05870051
0.07840000 0.07536395 0.05853375
0.07800000 0.07473392 0.05804526
0.07760000 0.07431805 0.05772283
0.07720000 0.07403977 0.05750707
0.07680000 0.07357475 0.05714652
0.07640000 0.07316044 0.05682529
0.07600000 0.07261686 0.05640383
0.07560000 0.07235840 0.05620344
0.07520000 0.07205273 0.05596644
0.07480000 0.07143584 0.05548814
0.07440000 0.07087219 0.05505112
0.07400000 0.07064833 0.05487756
0.07360000 0.07037570 0.05466618
0.07320000 0.06988708 0.05428733
0.07280000 0.06958138 0.05405031
0.07240000 0.06927702 0.05381433
0.07200000 0.06872061 0.05338292
0.07160000 0.06832322 0.05307482
0.07120000 0.06805517 0.05286699
0.07080000 0.06756844 0.05248960
0.07040000 0.06728228 0.05226774
0.07000000 0.06680723 0.05189941
0.06960000 0.06634458 0.05154070
0.06920000 0.06585013 0.05115733
0.06880000 0.06561516 0.05097516
0.06840000 0.06497804 0.05048117
0.06800000 0.06492258 0.05043817
0.06760000 0.06455171 0.05015063
0.06720000 0.06412475 0.04981958
0.06680000 0.06352173 0.04935204
0.06640000 0.06310627 0.04902992
0.06600000 0.06261607 0.04864985
0.06560000 0.06230041 0.04840511
0.06520000 0.06215338 0.04829111
0.06480000 0.06168762 0.04792999
0.06440000 0.06109723 0.04747224
0.06400000 0.06066308 0.04713563
0.06360000 0.06026126 0.04682408
0.06320000 0.06031019 0.04686201
0.06280000 0.05987101 0.04652150
0.06240000 0.05919952 0.04600087
0.06200000 0.05879623 0.04568819
0.06160000 0.05838197 0.04536700
0.06120000 0.05801419 0.04508185
0.06080000 0.05760507 0.04476464
0.06040000 0.05735438 0.04457027
0.06000000 0.05687445 0.04419816
0.05960000 0.05647144 0.04388570
0.05920000 0.05599245 0.04351432
0.05880000 0.05571085 0.04329598
0.05840000 0.05517356 0.04287940
0.05800000 0.05466952 0.04248860
0.05760000 0.05441373 0.04229027
0.05720000 0.05423024 0.04214801
0.05680000 0.05376165 0.04178470
0.05640000 0.05318221 0.04133543
0.05600000 0.05289365 0.04111170
0.05560000 0.05276370 0.04101095
0.05520000 0.05204488 0.04045362
0.05480000 0.05163954 0.04013934
0.05440000 0.05108430 0.03970884
0.05400000 0.05098371 0.03963085
0.05360000 0.05048742 0.03924606
0.05320000 0.04992317 0.03880858
0.05280000 0.04961041 0.03856609
0.05240000 0.04926093 0.03829512
0.05200000 0.04885104 0.03797732
0.05160000 0.04847969 0.03768939
0.05120000 0.04814597 0.03743065
0.05080000 0.04773201 0.03710969
0.05040000 0.04719309 0.03669185
0.05000000 0.04667556 0.03629059
0.04960000 0.04641126 0.03608567
0.04920000 0.04605824 0.03581196
0.04880000 0.04569691 0.03553181
0.04840000 0.04511469 0.03508039
0.04800000 0.04469673 0.03475633
0.04760000 0.04444993 0.03456498
0.04720000 0.04414395 0.03432774
0.04680000 0.04360274 0.03390812
0.04640000 0.04329458 0.03366919
0.04600000 0.04291538 0.03337518
0.04560000 0.04254984 0.03309177
0.04520000 0.04200927 0.03267264
0.04480000 0.04164808 0.03239260
0.04440000 0.04129223 0.03211670
0.04400000 0.04087736 0.03179503
0.04360000 0.04059894 0.03157916
0.04320000 0.04016956 0.03124625
0.04280000 0.03976199 0.03093025
0.04240000 0.03924628 0.03053039
0.04200000 0.03876649 0.03015840
0.04160000 0.03851970 0.02996705
0.04120000 0.03817134 0.02969695
0.04080000 0.03776363 0.02938085
0.04040000 0.03735669 0.02906533
0.04000000 0.03689519 0.02870751
0.03960000 0.03652536 0.02842077
0.03920000 0.03607311 0.02807012
0.03880000 0.03556222 0.02767401
0.03840000 0.03530263 0.02747274
0.03800000 0.03500543 0.02724231
0.03760000 0.03467626 0.02698709
0.03720000 0.03431943 0.02671043
0.03680000 0.03388416 0.02637295
0.03640000 0.03329807 0.02591853
0.03600000 0.03285300 0.02557345
0.03560000 0.03267913 0.02543864
0.03520000 0.03229574 0.02514139
0.03480000 0.03195795 0.02487949
0.03440000 0.03127959 0.02435353
0.03400000 0.03096820 0.02411209
0.03360000 0.03064624 0.02386247
0.03320000 0.03016463 0.02348906
0.03280000 0.02962535 0.02307094
0.03240000 0.02922841 0.02276318
0.03200000 0.02900862 0.02259276
0.03160000 0.02888864 0.02249974
0.03120000 0.02836531 0.02209398
0.03080000 0.02766092 0.02154784
0.03040000 0.02705363 0.02107699
0.03000000 0.02681573 0.02089254
0.02960000 0.02669318 0.02079752
0.02920000 0.02621634 0.02042780
0.02880000 0.02569423 0.02002300
0.02840000 0.02531881 0.01973192
0.02800000 0.02491240 0.01941681
0.02760000 0.02454071 0.01912863
0.02720000 0.02416887 0.01884033
0.02680000 0.02375182 0.01851697
0.02640000 0.02335605 0.01821012
0.02600000 0.02304152 0.01796625
0.02560000 0.02261425 0.01763498
0.02520000 0.02220622 0.01731862
0.02480000 0.02177960 0.01698784
0.02440000 0.02136166 0.01666380
0.02400000 0.02103679 0.01641191
0.02360000 0.02070465 0.01615439
0.02320000 0.02017956 0.01574727
0.02280000 0.01973175 0.01540007
0.02240000 0.01920165 0.01498906
0.02200000 0.01893219 0.01478014
0.02160000 0.01876751 0.01465246
0.02120000 0.01826544 0.01426319
0.02080000 0.01827918 0.01427383
0.02040000 0.01769668 0.01382220
0.02000000 0.01719823 0.01343574
0.01960000 0.01673914 0.01307978
0.01920000 0.01618512 0.01265023
0.01880000 0.01573545 0.01230158
0.01840000 0.01533404 0.01199036
0.01800000 0.01520233 0.01188824
0.01760000 0.01487151 0.01163174
0.01720000 0.01426177 0.01115899
0.01680000 0.01372695 0.01074432
0.01640000 0.01338868 0.01048205
0.01600000 0.01308114 0.01024361
0.01560000 0.01283151 0.01005006
0.01520000 0.01265313 0.00991176
0.01480000 0.01187949 0.00931192
0.01440000 0.01138084 0.00892530
0.01400000 0.01087600 0.00853388
0.01360000 0.01063072 0.00834371
0.01320000 0.01018388 0.00799725
0.01280000 0.01007227 0.00791072
0.01240000 0.00973555 0.00764965
0.01200000 0.00923914 0.00726476
0.01160000 0.00852384 0.00671016
0.01120000 0.00805740 0.00634852
0.01080000 0.00771757 0.00608504
0.01040000 0.00748473 0.00590451
0.01000000 0.00718763 0.00567415
0.00960000 0.00681167 0.00538266
0.00920000 0.00644199 0.00509603
0.00880000 0.00588600 0.00466495
0.00840000 0.00542468 0.00430727
0.00800000 0.00503564 0.00400563
0.00760000 0.00477522 0.00380372
0.00720000 0.00429982 0.00343512
0.00680000 0.00402482 0.00322190
0.00640000 0.00353090 0.00283896
0.00600000 0.00313430 0.00253146
0.00560000 0.00258414 0.00210490
0.00520000 0.00214379 0.00176348
0.00480000 0.00188559 0.00156329
0.00440000 0.00154878 0.00130214
0.00400000 0.00137045 0.00116388
